日期,股票代码,名称,收盘价,最高价,最低价,开盘价,前收盘,涨跌额,涨跌幅,换手率,成交量,成交金额,总市值,流通市值
2020-11-18,'000806,*ST银河,1.75,1.76,1.73,1.76,1.75,0.0,0.0,0.8399,5873800,10251576.0,1924845583.5,1223783256.5
2020-11-17,'000806,*ST银河,1.75,1.78,1.73,1.76,1.78,-0.03,-1.6854,1.1661,8154300,14262846.0,1924845583.5,1223783256.5
2020-11-16,'000806,*ST银河,1.78,1.79,1.75,1.79,1.77,0.01,0.565,0.9806,6857087,12132659.28,1957842936.36,1244762398.04
2020-11-13,'000806,*ST银河,1.77,1.82,1.73,1.75,1.76,0.01,0.5682,2.3727,16592302,29380579.4,1946843818.74,1237769350.86
2020-11-12,'000806,*ST银河,1.76,1.76,1.66,1.67,1.68,0.08,4.7619,2.2454,15701971,27394081.96,1935844701.12,1230776303.68
2020-11-11,'000806,*ST银河,1.68,1.71,1.67,1.71,1.71,-0.03,-1.7544,0.681,4762400,8044416.0,1847851760.16,1174831926.24
2020-11-10,'000806,*ST银河,1.71,1.73,1.68,1.71,1.71,0.0,0.0,0.7478,5229700,8954895.0,1880849113.02,1195811067.78
2020-11-09,'000806,*ST银河,1.71,1.72,1.67,1.7,1.71,0.0,0.0,0.9055,6331877,10763555.36,1880849113.02,1195811067.78
2020-11-06,'000806,*ST银河,1.71,1.74,1.69,1.73,1.73,-0.02,-1.1561,0.8016,5605974,9577304.4,1880849113.02,1195811067.78
2020-11-05,'000806,*ST银河,1.73,1.73,1.69,1.7,1.72,0.01,0.5814,0.9277,6487106,11094846.43,1902847348.26,1209797162.14
2020-11-04,'000806,*ST银河,1.72,1.74,1.71,1.74,1.74,-0.02,-1.1494,0.6529,4565500,7884822.0,1891848230.64,1202804114.96
2020-11-03,'000806,*ST银河,1.74,1.74,1.7,1.72,1.73,0.01,0.578,1.0678,7466901,12866680.48,1913846465.88,1216790209.32
2020-11-02,'000806,*ST银河,1.73,1.77,1.7,1.77,1.77,-0.04,-2.2599,1.1424,7988615,13874316.68,1902847348.26,1209797162.14
2020-10-30,'000806,*ST银河,1.77,1.8,1.75,1.79,1.76,0.01,0.5682,1.6672,11659101,20673129.77,1946843818.74,1237769350.86
2020-10-29,'000806,*ST银河,1.76,1.78,1.66,1.71,1.71,0.05,2.924,1.7923,12533344,21819835.02,1935844701.12,1230776303.68
2020-10-28,'000806,*ST银河,1.71,1.78,1.7,1.78,1.75,-0.04,-2.2857,2.099,14678087,25552314.1,1880849113.02,1195811067.78
2020-10-27,'000806,*ST银河,1.75,1.75,1.65,1.66,1.67,0.08,4.7904,1.0532,7365284,12664688.46,1924845583.5,1223783256.5
2020-10-26,'000806,*ST银河,1.67,1.7,1.64,1.66,1.68,-0.01,-0.5952,0.7621,5329410,8916716.7,1836852642.54,1167838879.06
2020-10-23,'000806,*ST银河,1.68,1.71,1.66,1.68,1.67,0.01,0.5988,0.7995,5591201,9399342.66,1847851760.16,1174831926.24
2020-10-22,'000806,*ST银河,1.67,1.73,1.67,1.73,1.74,-0.07,-4.023,1.1367,7948708,13425507.24,1836852642.54,1167838879.06
2020-10-21,'000806,*ST银河,1.74,1.78,1.7,1.73,1.73,0.01,0.578,1.5596,10906400,18999012.0,1913846465.88,1216790209.32
2020-10-20,'000806,*ST银河,1.73,1.76,1.67,1.69,1.7,0.03,1.7647,1.4649,10244200,17646767.0,1902847348.26,1209797162.14
2020-10-19,'000806,*ST银河,1.7,1.8,1.65,1.8,1.71,-0.01,-0.5848,3.9692,27756642,48371269.18,1869849995.4,1188818020.6
2020-10-16,'000806,*ST银河,1.71,1.71,1.71,1.71,1.63,0.08,4.908,0.2772,1938708,3315190.68,1880849113.02,1195811067.78
2020-10-15,'000806,*ST银河,1.63,1.63,1.63,1.63,1.55,0.08,5.1613,0.3551,2483411,4047959.93,1792856172.06,1139866690.34
2020-10-14,'000806,*ST银河,1.55,1.58,1.55,1.57,1.57,-0.02,-1.2739,0.3663,2561600,3999232.0,1704863231.1,1083922312.9
2020-10-13,'000806,*ST银河,1.57,1.59,1.56,1.56,1.58,-0.01,-0.6329,0.621,4343000,6846076.9,1726861466.34,1097908407.26
2020-10-12,'000806,*ST银河,1.58,1.61,1.56,1.61,1.56,0.02,1.2821,1.0131,7084664,11192100.58,1737860583.96,1104901454.44
2020-10-09,'000806,*ST银河,1.56,1.56,1.52,1.52,1.49,0.07,4.698,0.3435,2402143,3733351.4,1715862348.72,1090915360.08
2020-09-30,'000806,*ST银河,1.49,1.5,1.45,1.46,1.47,0.02,1.3605,0.4277,2991241,4428683.87,1638868525.38,1041964029.82
2020-09-29,'000806,*ST银河,1.47,1.47,1.45,1.46,1.45,0.02,1.3793,0.5248,3669812,5356408.52,1616870290.14,1027977935.46
2020-09-28,'000806,*ST银河,1.45,1.49,1.43,1.48,1.49,-0.04,-2.6846,0.7457,5214610,7598956.3,1594872054.9,1013991841.1
2020-09-25,'000806,*ST银河,1.49,1.52,1.48,1.51,1.51,-0.02,-1.3245,0.4224,2953999,4423147.51,1638868525.38,1041964029.82
2020-09-24,'000806,*ST银河,1.51,1.54,1.5,1.54,1.54,-0.03,-1.9481,0.7109,4971400,7528511.0,1660866760.62,1055950124.18
2020-09-23,'000806,*ST银河,1.54,1.55,1.52,1.53,1.52,0.02,1.3158,0.4284,2995870,4604919.8,1693864113.48,1076929265.72
2020-09-22,'000806,*ST银河,1.52,1.55,1.51,1.54,1.54,-0.02,-1.2987,0.6418,4488300,6868835.0,1671865878.24,1062943171.36
2020-09-21,'000806,*ST银河,1.54,1.56,1.53,1.55,1.55,-0.01,-0.6452,0.4899,3426110,5301806.4,1693864113.48,1076929265.72
2020-09-18,'000806,*ST银河,1.55,1.57,1.53,1.56,1.56,-0.01,-0.641,0.7224,5052100,7840922.0,1704863231.1,1083922312.9
2020-09-17,'000806,*ST银河,1.56,1.58,1.55,1.57,1.57,-0.01,-0.6369,0.5802,4057211,6320096.16,1715862348.72,1090915360.08
2020-09-16,'000806,*ST银河,1.57,1.6,1.56,1.59,1.58,-0.01,-0.6329,0.5078,3551250,5591703.5,1726861466.34,1097908407.26
2020-09-15,'000806,*ST银河,1.58,1.59,1.57,1.59,1.59,-0.01,-0.6289,0.43,3006881,4748600.98,1737860583.96,1104901454.44
2020-09-14,'000806,*ST银河,1.59,1.61,1.57,1.58,1.58,0.01,0.6329,0.7761,5427011,8605293.9,1748859701.58,1111894501.62
2020-09-11,'000806,*ST银河,1.58,1.6,1.56,1.57,1.58,0.0,0.0,0.6244,4366700,6898213.0,1737860583.96,1104901454.44
2020-09-10,'000806,*ST银河,1.58,1.63,1.58,1.63,1.61,-0.03,-1.8634,0.7161,5007400,7981368.0,1737860583.96,1104901454.44
2020-09-09,'000806,*ST银河,1.61,1.63,1.6,1.62,1.63,-0.02,-1.227,0.7186,5025059,8104113.99,1770857936.82,1125880595.98
2020-09-08,'000806,*ST银河,1.63,1.64,1.59,1.62,1.61,0.02,1.2422,0.9741,6811600,11020890.0,1792856172.06,1139866690.34
2020-09-07,'000806,*ST银河,1.61,1.66,1.61,1.63,1.66,-0.05,-3.012,1.1864,8296900,13567198.0,1770857936.82,1125880595.98
2020-09-04,'000806,*ST银河,1.66,1.66,1.54,1.57,1.58,0.08,5.0633,1.5041,10518394,16966461.86,1825853524.92,1160845831.88
2020-09-03,'000806,*ST银河,1.58,1.6,1.57,1.59,1.6,-0.02,-1.25,0.9682,6770900,10720101.3,1737860583.96,1104901454.44
2020-09-02,'000806,*ST银河,1.6,1.63,1.59,1.62,1.62,-0.02,-1.2346,0.747,5223501,8378173.6,1759858819.2,1118887548.8
2020-09-01,'000806,*ST银河,1.62,1.64,1.6,1.63,1.63,-0.01,-0.6135,0.5271,3686120,5958079.2,1781857054.44,1132873643.16
2020-08-31,'000806,*ST银河,1.63,1.65,1.62,1.64,1.63,0.0,0.0,0.5904,4128425,6746923.75,1792856172.06,1139866690.34
2020-08-28,'000806,*ST银河,1.63,1.67,1.61,1.67,1.63,0.0,0.0,0.8676,6067301,9919052.63,1792856172.06,1139866690.34
2020-08-27,'000806,*ST银河,1.63,1.65,1.57,1.58,1.59,0.04,2.5157,1.061,7410582,12035926.43,1792856172.06,1138470730.63
2020-08-26,'000806,*ST银河,1.59,1.65,1.58,1.65,1.64,-0.05,-3.0488,1.0684,7462132,12000300.86,1748859701.58,1110532798.59
2020-08-25,'000806,*ST银河,1.64,1.66,1.62,1.65,1.64,0.0,0.0,0.6331,4421778,7224697.14,1803855289.68,1145455213.64
2020-08-24,'000806,*ST银河,1.64,1.66,1.61,1.65,1.64,0.0,0.0,0.8774,6127919,10020206.81,1803855289.68,1145455213.64
2020-08-21,'000806,*ST银河,1.64,1.71,1.62,1.69,1.69,-0.05,-2.9586,1.6966,11849781,19735585.74,1803855289.68,1145455213.64
2020-08-20,'000806,*ST银河,1.69,1.74,1.69,1.72,1.74,-0.05,-2.8736,1.0421,7278501,12411955.69,1858850877.78,1180377628.69
2020-08-19,'000806,*ST银河,1.74,1.77,1.69,1.7,1.71,0.03,1.7544,1.496,10448765,18201168.43,1913846465.88,1215300043.74
2020-08-18,'000806,*ST银河,1.71,1.73,1.68,1.73,1.73,-0.02,-1.1561,1.2327,8609500,14655747.0,1880849113.02,1194346594.71
2020-08-17,'000806,*ST银河,1.73,1.75,1.71,1.75,1.74,-0.01,-0.5747,0.9806,6848700,11842281.0,1902847348.26,1208315560.73
2020-08-14,'000806,*ST银河,1.74,1.75,1.71,1.71,1.71,0.03,1.7544,0.7109,4965468,8578773.96,1913846465.88,1215300043.74
2020-08-13,'000806,*ST银河,1.71,1.73,1.69,1.7,1.71,0.0,0.0,0.6659,4650764,7958745.44,1880849113.02,1194346594.71
2020-08-12,'000806,*ST银河,1.71,1.74,1.67,1.7,1.71,0.0,0.0,1.2893,9005095,15352237.5,1880849113.02,1194346594.71
2020-08-11,'000806,*ST银河,1.71,1.74,1.68,1.7,1.71,0.0,0.0,1.1389,7954432,13694280.72,1880849113.02,1194346594.71
2020-08-10,'000806,*ST银河,1.71,1.82,1.71,1.81,1.8,-0.09,-5.0,2.4894,17387085,30180072.05,1880849113.02,1194346594.71
2020-08-07,'000806,*ST银河,1.8,1.86,1.75,1.82,1.77,0.03,1.6949,3.6705,25636388,46146849.34,1979841171.6,1257206941.8
2020-08-06,'000806,*ST银河,1.77,1.77,1.67,1.68,1.69,0.08,4.7337,1.7322,12098484,21200519.98,1946843818.74,1236253492.77
2020-08-05,'000806,*ST银河,1.69,1.7,1.59,1.62,1.62,0.07,4.321,1.9979,13954294,23043357.14,1858850877.78,1180377628.69
2020-08-04,'000806,*ST银河,1.62,1.63,1.59,1.62,1.61,0.01,0.6211,0.7631,5330201,8567393.6,1781857054.44,1131486247.62
2020-08-03,'000806,*ST银河,1.61,1.61,1.58,1.58,1.59,0.02,1.2579,0.9178,6410608,10242452.96,1770857936.82,1124501764.61
2020-07-31,'000806,*ST银河,1.59,1.6,1.58,1.59,1.59,0.0,0.0,0.5702,3982851,6327637.08,1748859701.58,1110532798.59
2020-07-30,'000806,*ST银河,1.59,1.61,1.58,1.61,1.61,-0.02,-1.2422,0.822,5741214,9158882.76,1748859701.58,1110532798.59
2020-07-29,'000806,*ST银河,1.61,1.63,1.58,1.59,1.6,0.01,0.625,0.9449,6599724,10562966.45,1770857936.82,1124501764.61
2020-07-28,'000806,*ST银河,1.6,1.63,1.58,1.61,1.59,0.01,0.6289,0.8035,5611810,8985853.9,1759858819.2,1117517281.6
2020-07-27,'000806,*ST银河,1.59,1.62,1.54,1.61,1.61,-0.02,-1.2422,0.8426,5884910,9291061.6,1748859701.58,1110532798.59
2020-07-24,'000806,*ST银河,1.61,1.66,1.6,1.6,1.6,0.01,0.625,1.5091,10539950,17067927.99,1770857936.82,1124501764.61
2020-07-23,'000806,*ST银河,1.6,1.63,1.58,1.62,1.64,-0.04,-2.439,1.4423,10073845,16155761.99,1759858819.2,1117517281.6
2020-07-22,'000806,*ST银河,1.64,1.67,1.62,1.65,1.6,0.04,2.5,2.0003,13970848,23043812.88,1803855289.68,1145455213.64
2020-07-21,'000806,*ST银河,1.6,1.6,1.51,1.52,1.52,0.08,5.2632,0.905,6320683,9970561.1,1759858819.2,1117517281.6
2020-07-20,'000806,*ST银河,1.52,1.53,1.48,1.5,1.52,0.0,0.0,1.4269,9966420,14966390.8,1671865878.24,1061641417.52
2020-07-17,'000806,*ST银河,1.52,1.58,1.5,1.55,1.58,-0.06,-3.7975,1.9091,13333741,20397736.91,1671865878.24,1061641417.52
2020-07-16,'000806,*ST银河,1.58,1.67,1.58,1.66,1.66,-0.08,-4.8193,2.023,14129800,22890865.0,1737860583.96,1103548315.58
2020-07-15,'000806,*ST银河,1.66,1.69,1.65,1.65,1.67,-0.01,-0.5988,1.4991,10470103,17426433.95,1825853524.92,1159424179.66
2020-07-14,'000806,*ST银河,1.67,1.71,1.66,1.7,1.71,-0.04,-2.3392,1.5728,10985102,18506133.36,1836852642.54,1166408662.67
2020-07-13,'000806,*ST银河,1.71,1.73,1.68,1.7,1.71,0.0,0.0,1.4583,10185798,17343352.41,1880849113.02,1194346594.71
2020-07-10,'000806,*ST银河,1.71,1.75,1.71,1.74,1.71,0.0,0.0,1.2711,8878183,15307918.93,1880849113.02,1194346594.71
2020-07-09,'000806,*ST银河,1.71,1.75,1.68,1.74,1.75,-0.04,-2.2857,2.7016,18868984,32137527.79,1880849113.02,1194346594.71
2020-07-08,'000806,*ST银河,1.75,1.77,1.73,1.73,1.74,0.01,0.5747,1.2664,8845212,15470665.38,1924845583.5,1222284526.75
2020-07-07,'000806,*ST银河,1.74,1.79,1.74,1.79,1.79,-0.05,-2.7933,1.9906,13903260,24478817.0,1913846465.88,1215300043.74
2020-07-06,'000806,*ST银河,1.79,1.8,1.75,1.77,1.77,0.02,1.1299,2.3265,16249636,28745943.17,1968842053.98,1250222458.79
2020-07-03,'000806,*ST银河,1.77,1.77,1.7,1.7,1.69,0.08,4.7337,1.9268,13457457,23766104.75,1946843818.74,1236253492.77
2020-07-02,'000806,*ST银河,1.69,1.72,1.65,1.65,1.67,0.02,1.1976,1.2139,8478630,14315539.39,1858850877.78,1180377628.69
2020-07-01,'000806,*ST银河,1.67,1.72,1.66,1.71,1.7,-0.03,-1.7647,1.1957,8351263,13998259.58,1836852642.54,1166408662.67
2020-06-30,'000806,*ST银河,1.7,1.74,1.67,1.71,1.7,0.0,0.0,1.0754,7511195,12811081.9,1869849995.4,1187362111.7
2020-06-29,'000806,*ST银河,1.7,1.77,1.69,1.7,1.75,-0.05,-2.8571,1.379,9631900,16615969.0,1869849995.4,1187362111.7
2020-06-24,'000806,*ST银河,1.75,1.75,1.65,1.69,1.68,0.07,4.1667,1.5815,11046282,18822151.36,1924845583.5,1222284526.75
2020-06-23,'000806,*ST银河,1.68,1.72,1.66,1.71,1.71,-0.03,-1.7544,1.7981,12558568,21105132.18,1847851760.16,1173393145.68
2020-06-22,'000806,*ST银河,1.71,1.8,1.7,1.75,1.77,-0.06,-3.3898,1.8675,13043412,22562738.64,1880849113.02,1194346594.71
2020-06-19,'000806,*ST银河,1.77,1.86,1.76,1.79,1.82,-0.05,-2.7473,2.2248,15539300,27914119.0,1946843818.74,1236253492.77
2020-06-18,'000806,*ST银河,1.82,1.84,1.78,1.82,1.75,0.07,4.0,3.2494,22695037,41281629.6,2001839406.84,1271175907.82
2020-06-17,'000806,*ST银河,1.75,1.75,1.66,1.66,1.67,0.08,4.7904,1.9029,13290875,23105547.25,1924845583.5,1222284526.75
2020-06-16,'000806,*ST银河,1.67,1.76,1.67,1.73,1.76,-0.09,-5.1136,2.7642,19306464,32622564.18,1836852642.54,1166408662.67
2020-06-15,'000806,*ST银河,1.76,1.89,1.76,1.85,1.85,-0.09,-4.8649,3.9033,27262500,48803983.0,1935844701.12,1229269009.76
2020-06-12,'000806,*ST银河,1.85,1.85,1.7,1.7,1.76,0.09,5.1136,5.1395,35896882,64988317.47,2034836759.7,1292129356.85
2020-06-11,'000806,*ST银河,1.76,1.91,1.76,1.88,1.82,-0.06,-3.2967,5.8452,40825469,76123366.21,1935844701.12,1229269009.76
2020-06-10,'000806,*ST银河,1.82,1.82,1.77,1.78,1.73,0.09,5.2023,2.665,18613302,33690895.52,2001839406.84,1271175907.82
2020-06-09,'000806,*ST银河,1.73,1.73,1.66,1.73,1.65,0.08,4.8485,3.5157,24555499,42083779.0,1902847348.26,1208315560.73
2020-06-08,'000806,*ST银河,1.65,1.65,1.6,1.61,1.57,0.08,5.0955,0.7379,5154031,8450911.18,1814854407.3,1152439696.65
2020-06-05,'000806,*ST银河,1.57,1.69,1.53,1.69,1.61,-0.04,-2.4845,5.1919,36262957,58295692.24,1726861466.34,1096563832.57
2020-06-04,'000806,*ST银河,1.61,1.61,1.59,1.61,1.53,0.08,5.2288,0.7642,5337457,8586472.77,1770857936.82,1124501764.61
2020-06-03,'000806,*ST银河,1.53,1.53,1.46,1.47,1.46,0.07,4.7945,2.201,15372551,23194665.26,1682864995.86,1068625900.53
2020-06-02,'000806,*ST银河,1.46,1.46,1.42,1.43,1.39,0.07,5.036,4.5289,31632250,45881167.76,1605871172.52,1019734519.46
2020-06-01,'000806,*ST银河,1.39,1.39,1.26,1.26,1.32,0.07,5.303,3.0041,20981891,27957411.96,1528877349.18,970843138.39
2020-05-29,'000806,ST银河,0.0,0.0,0.0,0.0,1.32,None,None,0.0,0,0.0,1451883525.84,921951757.32
2020-05-28,'000806,ST银河,1.32,1.45,1.31,1.43,1.38,-0.06,-4.3478,7.2143,50387890,70308363.76,1451883525.84,921951757.32
2020-05-27,'000806,ST银河,1.38,1.38,1.33,1.35,1.31,0.07,5.3435,1.7032,11896212,16231286.56,1517878231.56,963858655.38
2020-05-26,'000806,ST银河,1.31,1.31,1.25,1.28,1.25,0.06,4.8,4.9606,34647457,44786266.66,1440884408.22,914967274.31
2020-05-25,'000806,ST银河,1.25,1.25,1.25,1.25,1.19,0.06,5.042,0.2543,1776000,2220000.0,1374889702.5,873060376.25
2020-05-22,'000806,ST银河,1.19,1.19,1.19,1.19,1.13,0.06,5.3097,0.1888,1318419,1568918.61,1308894996.78,831153478.19
2020-05-21,'000806,ST银河,1.13,1.13,1.13,1.13,1.08,0.05,4.6296,0.5741,4009601,4530849.13,1242900291.06,789246580.13
2020-05-20,'000806,ST银河,1.08,1.09,1.08,1.08,1.14,-0.06,-5.2632,1.2042,8410600,9085877.0,1187904702.96,754324165.08
2020-05-19,'000806,ST银河,1.14,1.19,1.14,1.19,1.2,-0.06,-5.0,1.6853,11770700,13488120.0,1253899408.68,796231063.14
2020-05-18,'000806,ST银河,1.2,1.27,1.2,1.26,1.26,-0.06,-4.7619,2.057,14367270,17402405.0,1319894114.4,838137961.2
2020-05-15,'000806,ST银河,1.26,1.28,1.25,1.27,1.27,-0.01,-0.7874,1.1936,8336340,10572544.4,1385888820.12,880044859.26
2020-05-14,'000806,ST银河,1.27,1.29,1.22,1.23,1.27,0.0,0.0,1.9509,13625706,17201461.89,1396887937.74,887029342.27
2020-05-13,'000806,ST银河,1.27,1.31,1.27,1.3,1.34,-0.07,-5.2239,3.2406,22634132,28948926.75,1396887937.74,887029342.27
2020-05-12,'000806,ST银河,1.34,1.41,1.34,1.41,1.41,-0.07,-4.9645,2.5721,17964897,24216871.29,1473881761.08,935920723.34
2020-05-11,'000806,ST银河,1.41,1.47,1.41,1.44,1.48,-0.07,-4.7297,1.8442,12880805,18314960.1,1550875584.42,984812104.41
2020-05-08,'000806,ST银河,1.48,1.51,1.47,1.5,1.49,-0.01,-0.6711,0.7026,4907297,7276461.59,1627869407.76,1033703485.48
2020-05-07,'000806,ST银河,1.49,1.52,1.46,1.46,1.48,0.01,0.6757,1.0598,7401895,11065718.55,1638868525.38,1040687968.49
2020-05-06,'000806,ST银河,1.48,1.52,1.41,1.42,1.45,0.03,2.069,1.2724,8887176,13101570.07,1627869407.76,1033703485.48
2020-04-30,'000806,ST银河,1.45,1.48,1.44,1.47,1.52,-0.07,-4.6053,2.4715,17262341,24975291.04,1594872054.9,1012750036.45
2020-04-29,'000806,ST银河,1.52,1.6,1.52,1.57,1.6,-0.08,-5.0,1.7162,11986500,18517293.0,1671865878.24,1061641417.52
2020-04-28,'000806,ST银河,1.6,1.67,1.6,1.65,1.67,-0.07,-4.1916,1.4445,10089200,16361398.0,1759858819.2,1117517281.6
2020-04-27,'000806,ST银河,1.67,1.72,1.64,1.65,1.65,0.02,1.2121,0.8992,6280220,10587321.0,1836852642.54,1166408662.67
2020-04-24,'000806,ST银河,1.65,1.69,1.65,1.68,1.68,-0.03,-1.7857,0.753,5259100,8747972.0,1814854407.3,1152439696.65
2020-04-23,'000806,ST银河,1.68,1.71,1.67,1.71,1.71,-0.03,-1.7544,0.7308,5104400,8604519.0,1847851760.16,1173393145.68
2020-04-22,'000806,ST银河,1.71,1.72,1.68,1.7,1.73,-0.02,-1.1561,0.958,6691300,11334108.0,1880849113.02,1194346594.71
2020-04-21,'000806,ST银河,1.73,1.75,1.66,1.68,1.67,0.06,3.5928,1.6548,11557786,19927967.5,1902847348.26,1208315560.73
2020-04-20,'000806,ST银河,1.67,1.71,1.66,1.7,1.7,-0.03,-1.7647,0.948,6621506,11049934.16,1836852642.54,1166408662.67
2020-04-17,'000806,ST银河,1.7,1.73,1.67,1.7,1.71,-0.01,-0.5848,0.855,5971455,10132514.95,1869849995.4,1187362111.7
2020-04-16,'000806,ST银河,1.71,1.78,1.7,1.76,1.75,-0.04,-2.2857,1.4468,10104900,17527341.0,1880849113.02,1194346594.71
2020-04-15,'000806,ST银河,1.75,1.75,1.67,1.69,1.67,0.08,4.7904,2.4553,17149027,29722328.85,1924845583.5,1222284526.75
2020-04-14,'000806,ST银河,1.67,1.67,1.63,1.64,1.65,0.02,1.2121,0.7742,5407717,8920163.93,1836852642.54,1166408662.67
2020-04-13,'000806,ST银河,1.65,1.68,1.64,1.67,1.68,-0.03,-1.7857,0.7384,5157462,8522363.2,1814854407.3,1152439696.65
2020-04-10,'000806,ST银河,1.68,1.72,1.68,1.72,1.72,-0.04,-2.3256,0.7717,5389700,9146590.0,1847851760.16,1173393145.68
2020-04-09,'000806,ST银河,1.72,1.75,1.72,1.74,1.74,-0.02,-1.1494,0.5117,3574200,6206603.0,1891848230.64,1201331077.72
2020-04-08,'000806,ST银河,1.74,1.74,1.7,1.72,1.73,0.01,0.578,0.646,4511667,7769446.24,1913846465.88,1215300043.74
2020-04-07,'000806,ST银河,1.73,1.75,1.7,1.73,1.71,0.02,1.1696,0.9097,6353953,10919237.63,1902847348.26,1208315560.73
2020-04-03,'000806,ST银河,1.71,1.72,1.68,1.7,1.71,0.0,0.0,0.5917,4132800,7051499.0,1880849113.02,1194346594.71
2020-04-02,'000806,ST银河,1.71,1.71,1.64,1.67,1.67,0.04,2.3952,0.766,5349950,8936824.8,1880849113.02,1194346594.71
2020-04-01,'000806,ST银河,1.67,1.7,1.65,1.65,1.66,0.01,0.6024,0.64,4469900,7502817.0,1836852642.54,1166408662.67
2020-03-31,'000806,ST银河,1.66,1.71,1.65,1.71,1.69,-0.03,-1.7751,0.965,6740300,11276490.0,1825853524.92,1159424179.66
2020-03-30,'000806,ST银河,1.69,1.74,1.68,1.73,1.76,-0.07,-3.9773,0.9526,6653500,11329371.99,1858850877.78,1180377628.69
2020-03-27,'000806,ST银河,1.76,1.79,1.75,1.78,1.77,-0.01,-0.565,0.8113,5666401,9989796.76,1935844701.12,1229269009.76
2020-03-26,'000806,ST银河,1.77,1.79,1.75,1.79,1.79,-0.02,-1.1173,0.9096,6353186,11240039.36,1946843818.74,1236253492.77
2020-03-25,'000806,ST银河,1.79,1.8,1.74,1.77,1.75,0.04,2.2857,0.9889,6906700,12264722.0,1968842053.98,1250222458.79
2020-03-24,'000806,ST银河,1.75,1.77,1.72,1.73,1.73,0.02,1.1561,0.9374,6547286,11425634.64,1924845583.5,1222284526.75
2020-03-23,'000806,ST银河,1.73,1.79,1.73,1.78,1.81,-0.08,-4.4199,1.0267,7171000,12646681.22,1902847348.26,1208315560.73
2020-03-20,'000806,ST银河,1.81,1.82,1.78,1.81,1.79,0.02,1.1173,0.738,5154246,9286459.4,1990840289.22,1264191424.81
2020-03-19,'000806,ST银河,1.79,1.82,1.77,1.81,1.81,-0.02,-1.105,1.0453,7301160,13064190.45,1968842053.98,1250222458.79
2020-03-18,'000806,ST银河,1.81,1.89,1.81,1.87,1.85,-0.04,-2.1622,1.118,7808741,14446396.33,1990840289.22,1264191424.81
2020-03-17,'000806,ST银河,1.85,1.86,1.81,1.84,1.86,-0.01,-0.5376,1.1866,8287700,15224958.0,2034836759.7,1292129356.85
2020-03-16,'000806,ST银河,1.86,1.95,1.85,1.93,1.92,-0.06,-3.125,1.4286,9978312,18926496.92,2045835877.32,1299113839.86
2020-03-13,'000806,ST银河,1.92,1.93,1.84,1.86,1.93,-0.01,-0.5181,1.438,10043831,18959523.52,2111830583.04,1341020737.92
2020-03-12,'000806,ST银河,1.93,1.98,1.92,1.95,1.98,-0.05,-2.5253,1.6536,11549626,22444193.18,2122829700.66,1348005220.93
2020-03-11,'000806,ST银河,1.98,2.03,1.98,2.0,1.98,0.0,0.0,1.6449,11489125,22955435.75,2177825288.76,1382927635.98
2020-03-10,'000806,ST银河,1.98,2.02,1.92,1.97,1.99,-0.01,-0.5025,1.8527,12940123,25444973.52,2177825288.76,1382927635.98
2020-03-09,'000806,ST银河,1.99,2.08,1.94,1.95,1.98,0.01,0.5051,2.9752,20780200,41861126.37,2188824406.38,1389912118.99
2020-03-06,'000806,ST银河,1.98,2.02,1.91,1.93,1.96,0.02,1.0204,2.3211,16211709,31991148.32,2177825288.76,1382927635.98
2020-03-05,'000806,ST银河,1.96,1.97,1.9,1.93,1.92,0.04,2.0833,1.9378,13534300,26273389.0,2155827053.52,1368958669.96
2020-03-04,'000806,ST银河,1.92,1.92,1.89,1.92,1.93,-0.01,-0.5181,1.0935,7637649,14545461.1,2111830583.04,1341020737.92
2020-03-03,'000806,ST银河,1.93,1.95,1.91,1.93,1.92,0.01,0.5208,1.0727,7492500,14469740.0,2122829700.66,1348005220.93
2020-03-02,'000806,ST银河,1.92,1.92,1.86,1.86,1.87,0.05,2.6738,0.9919,6928236,13172417.78,2111830583.04,1341020737.92
2020-02-28,'000806,ST银河,1.87,1.94,1.86,1.92,1.95,-0.08,-4.1026,2.1459,14987900,28415483.0,2056834994.94,1306098322.87
2020-02-27,'000806,ST银河,1.95,1.98,1.95,1.97,1.98,-0.03,-1.5152,1.087,7592223,14906160.08,2144827935.9,1361974186.95
2020-02-26,'000806,ST银河,1.98,2.0,1.91,1.92,1.95,0.03,1.5385,1.8475,12903885,25357625.96,2177825288.76,1382927635.98
2020-02-25,'000806,ST银河,1.95,1.96,1.91,1.92,1.97,-0.02,-1.0152,1.667,11643419,22507607.53,2144827935.9,1361974186.95
2020-02-24,'000806,ST银河,1.97,1.99,1.95,1.99,2.0,-0.03,-1.5,1.7116,11954583,23480198.85,2166826171.14,1375943152.97
2020-02-21,'000806,ST银河,2.0,2.02,1.99,2.0,2.02,-0.02,-0.9901,1.2644,8831390,17680421.0,2199823524.0,1396896602.0
2020-02-20,'000806,ST银河,2.02,2.02,1.98,1.99,1.99,0.03,1.5075,1.3438,9385542,18806485.41,2221821759.24,1410865568.02
2020-02-19,'000806,ST银河,1.99,2.04,1.99,2.02,2.03,-0.04,-1.9704,1.6619,11607348,23295583.0,2188824406.38,1389912118.99
2020-02-18,'000806,ST银河,2.03,2.08,2.02,2.05,2.07,-0.04,-1.9324,1.9423,13565889,27741928.14,2232820876.86,1417850051.03
2020-02-17,'000806,ST银河,2.07,2.08,2.04,2.04,2.04,0.03,1.4706,0.8647,6039200,12435473.0,2276817347.34,1445787983.07
2020-02-14,'000806,ST银河,2.04,2.08,2.02,2.04,2.05,-0.01,-0.4878,0.9603,6707273,13703737.79,2243819994.48,1424834534.04
2020-02-13,'000806,ST银河,2.05,2.15,2.01,2.14,2.11,-0.06,-2.8436,1.4685,10256730,21324912.2,2254819112.1,1431819017.05
2020-02-12,'000806,ST银河,2.11,2.15,2.06,2.06,2.07,0.04,1.9324,1.1763,8215840,17393036.0,2320813817.82,1473725915.11
2020-02-11,'000806,ST银河,2.07,2.11,2.06,2.07,2.08,-0.01,-0.4808,1.0334,7217750,15019602.0,2276817347.34,1445787983.07
2020-02-10,'000806,ST银河,2.08,2.13,2.03,2.05,2.08,0.0,0.0,1.7961,12544498,26097291.09,2287816464.96,1452772466.08
2020-02-07,'000806,ST银河,2.08,2.08,1.99,2.02,1.98,0.1,5.0505,3.0325,21180258,43333680.11,2287816464.96,1452772466.08
2020-02-06,'000806,ST银河,1.98,1.98,1.87,1.9,1.89,0.09,4.7619,1.7683,12350379,23995094.32,2177825288.76,1382927635.98
2020-02-05,'000806,ST银河,1.89,1.9,1.82,1.83,1.83,0.06,3.2787,1.4523,10143859,19011698.92,2078833230.18,1320067288.89
2020-02-04,'000806,ST银河,1.83,1.87,1.83,1.83,1.93,-0.1,-5.1813,2.7038,18884964,34691276.7,2012838524.46,1278160390.83
2020-02-03,'000806,ST银河,1.93,1.93,1.93,1.93,2.03,-0.1,-4.9261,0.2697,1883500,3635155.0,2122829700.66,1348005220.93
2020-01-23,'000806,ST银河,2.03,2.06,2.02,2.02,2.13,-0.1,-4.6948,1.9983,13956877,28382305.31,2232820876.86,1417850051.03
2020-01-22,'000806,ST银河,2.13,2.23,2.11,2.23,2.22,-0.09,-4.0541,1.7589,12285039,26157835.29,2342812053.06,1487694881.13
2020-01-21,'000806,ST银河,2.22,2.25,2.2,2.21,2.2,0.02,0.9091,0.9542,6664850,14833944.0,2441804111.64,1550555228.22
2020-01-20,'000806,ST银河,2.2,2.21,2.16,2.17,2.18,0.02,0.9174,0.6541,4568767,9992779.8,2419805876.4,1536586262.2
2020-01-17,'000806,ST银河,2.18,2.22,2.17,2.19,2.18,0.0,0.0,0.7702,5379700,11809403.0,2397807641.16,1522617296.18
2020-01-16,'000806,ST银河,2.18,2.23,2.18,2.21,2.21,-0.03,-1.3575,0.8496,5933932,13043504.76,2397807641.16,1522617296.18
2020-01-15,'000806,ST银河,2.21,2.25,2.19,2.25,2.25,-0.04,-1.7778,1.0878,7597653,16847238.66,2430804994.02,1543570745.21
2020-01-14,'000806,ST银河,2.25,2.28,2.24,2.26,2.26,-0.01,-0.4425,0.991,6921700,15637460.0,2474801464.5,1571508677.25
2020-01-13,'000806,ST银河,2.26,2.34,2.22,2.33,2.33,-0.07,-3.0043,1.6192,11309403,25500723.22,2485800582.12,1578493160.26
2020-01-10,'000806,ST银河,2.33,2.39,2.32,2.38,2.4,-0.07,-2.9167,1.6308,11390300,26672884.0,2562794405.46,1627384541.33
2020-01-09,'000806,ST银河,2.4,2.41,2.29,2.29,2.31,0.09,3.8961,2.4785,17310724,41017540.62,2639788228.8,1676275922.4
2020-01-08,'000806,ST银河,2.31,2.36,2.28,2.3,2.31,0.0,0.0,1.5029,10496653,24366812.75,2540796170.22,1613415575.31
2020-01-07,'000806,ST银河,2.31,2.32,2.27,2.28,2.28,0.03,1.3158,1.4375,10039901,23085059.52,2540796170.22,1613415575.31
2020-01-06,'000806,ST银河,2.28,2.29,2.24,2.27,2.28,0.0,0.0,1.2996,9077011,20516815.76,2507798817.36,1592462126.28
2020-01-03,'000806,ST银河,2.28,2.29,2.26,2.26,2.27,0.01,0.4405,1.2645,8831738,20072284.48,2507798817.36,1592462126.28
2020-01-02,'000806,ST银河,2.27,2.3,2.23,2.26,2.26,0.01,0.4425,1.191,8318851,18881282.28,2496799699.74,1585477643.27
2019-12-31,'000806,ST银河,2.26,2.27,2.2,2.2,2.21,0.05,2.2624,1.123,7843810,17646722.5,2485800582.12,1578493160.26
2019-12-30,'000806,ST银河,2.21,2.29,2.2,2.25,2.3,-0.09,-3.913,1.678,11719930,26086032.0,2430804994.02,1543570745.21
2019-12-27,'000806,ST银河,2.3,2.4,2.29,2.32,2.34,-0.04,-1.7094,1.4327,10006950,23364240.33,2529797052.6,1606431092.3
2019-12-26,'000806,ST银河,2.34,2.36,2.22,2.27,2.29,0.05,2.1834,2.2911,16002471,36322534.86,2573793523.08,1634369024.34
2019-12-25,'000806,ST银河,2.29,2.49,2.27,2.4,2.39,-0.1,-4.1841,3.9695,27724901,65813847.29,2518797934.98,1599446609.29
2019-12-24,'000806,ST银河,2.39,2.39,2.25,2.27,2.28,0.11,4.8246,2.992,20897752,49348290.77,2628789111.18,1669291439.39
2019-12-23,'000806,ST银河,2.28,2.35,2.24,2.27,2.25,0.03,1.3333,2.0412,14256751,32854724.26,2507798817.36,1592462126.28
2019-12-20,'000806,ST银河,2.25,2.28,2.22,2.22,2.22,0.03,1.3514,1.2323,8606811,19373294.64,2474801464.5,1571508677.25
2019-12-19,'000806,ST银河,2.22,2.24,2.18,2.18,2.18,0.04,1.8349,1.1514,8041800,17785464.0,2441804111.64,1550555228.22
2019-12-18,'000806,ST银河,2.18,2.21,2.17,2.19,2.19,-0.01,-0.4566,0.9456,6604600,14439704.0,2397807641.16,1522617296.18
2019-12-17,'000806,ST银河,2.19,2.2,2.16,2.18,2.19,0.0,0.0,1.0262,7167614,15634279.52,2408806758.78,1529601779.19
2019-12-16,'000806,ST银河,2.19,2.2,2.15,2.17,2.16,0.03,1.3889,0.7805,5451430,11872445.1,2408806758.78,1529601779.19
2019-12-13,'000806,ST银河,2.16,2.18,2.13,2.13,2.13,0.03,1.4085,0.6476,4523262,9769775.72,2375809405.92,1508648330.16
2019-12-12,'000806,ST银河,2.13,2.16,2.12,2.14,2.16,-0.03,-1.3889,0.5203,3634100,7775970.0,2342812053.06,1487694881.13
2019-12-11,'000806,ST银河,2.16,2.2,2.16,2.19,2.18,-0.02,-0.9174,0.397,2772600,6025638.0,2375809405.92,1508648330.16
2019-12-10,'000806,ST银河,2.18,2.2,2.17,2.19,2.19,-0.01,-0.4566,0.4833,3375716,7346154.23,2397807641.16,1522617296.18
2019-12-09,'000806,ST银河,2.19,2.21,2.17,2.21,2.19,0.0,0.0,0.6178,4314764,9442617.41,2408806758.78,1529601779.19
2019-12-06,'000806,ST银河,2.19,2.24,2.16,2.17,2.17,0.02,0.9217,0.7903,5519821,12163974.52,2408806758.78,1529601779.19
2019-12-05,'000806,ST银河,2.17,2.2,2.15,2.18,2.18,-0.01,-0.4587,0.8167,5704261,12405942.98,2386808523.54,1515632813.17
2019-12-04,'000806,ST银河,2.18,2.21,2.08,2.09,2.11,0.07,3.3175,1.6127,11264207,24447919.22,2397807641.16,1522617296.18
2019-12-03,'000806,ST银河,2.11,2.11,2.06,2.09,2.08,0.03,1.4423,0.5063,3536120,7376999.6,2320813817.82,1473725915.11
2019-12-02,'000806,ST银河,2.08,2.13,2.08,2.12,2.11,-0.03,-1.4218,0.5256,3671000,7717843.0,2287816464.96,1452772466.08
2019-11-29,'000806,ST银河,2.11,2.13,2.09,2.12,2.11,0.0,0.0,0.6088,4251830,8943571.7,2320813817.82,1473725915.11
2019-11-28,'000806,ST银河,2.11,2.14,2.08,2.09,2.1,0.01,0.4762,0.791,5524900,11710109.0,2320813817.82,1473725915.11
2019-11-27,'000806,ST银河,2.1,2.15,2.06,2.08,2.09,0.01,0.4785,0.6822,4764708,10033975.32,2309814700.2,1466741432.1
2019-11-26,'000806,ST银河,2.09,2.1,2.06,2.08,2.09,0.0,0.0,0.4742,3312341,6885529.62,2298815582.58,1459756949.09
2019-11-25,'000806,ST银河,2.09,2.12,2.08,2.11,2.06,0.03,1.4563,0.7912,5526311,11585019.99,2298815582.58,1459756949.09
2019-11-22,'000806,ST银河,2.06,2.1,2.04,2.06,2.07,-0.01,-0.4831,0.6689,4671612,9667531.6,2265818229.72,1438803500.06
2019-11-21,'000806,ST银河,2.07,2.09,2.02,2.02,2.03,0.04,1.9704,0.8718,6089101,12551309.06,2276817347.34,1445787983.07
2019-11-20,'000806,ST银河,2.03,2.05,2.02,2.04,2.04,-0.01,-0.4902,0.3463,2418600,4917168.0,2232820876.86,1417850051.03
2019-11-19,'000806,ST银河,2.04,2.05,1.99,1.99,1.99,0.05,2.5126,0.5166,3607925,7322414.75,2243819994.48,1424834534.04
2019-11-18,'000806,ST银河,1.99,2.01,1.97,1.99,1.99,0.0,0.0,0.2601,1816320,3623611.7,2188824406.38,1389912118.99
2019-11-15,'000806,ST银河,1.99,2.02,1.98,2.0,2.0,-0.01,-0.5,0.4109,2870200,5736664.0,2188824406.38,1389912118.99
2019-11-14,'000806,ST银河,2.0,2.03,1.99,2.0,2.02,-0.02,-0.9901,0.361,2521300,5056435.0,2199823524.0,1396896602.0
2019-11-13,'000806,ST银河,2.02,2.03,1.99,2.01,2.01,0.01,0.4975,0.3646,2546475,5131881.05,2221821759.24,1410865568.02
2019-11-12,'000806,ST银河,2.01,2.02,1.97,1.98,1.97,0.04,2.0305,0.4427,3091845,6175015.65,2210822641.62,1403881085.01
2019-11-11,'000806,ST银河,1.97,2.05,1.96,2.03,2.05,-0.08,-3.9024,0.8462,5910420,11806625.4,2166826171.14,1375943152.97
2019-11-08,'000806,ST银河,2.05,2.09,2.05,2.06,2.05,0.0,0.0,0.385,2689251,5549282.55,2254819112.1,1431819017.05
2019-11-07,'000806,ST银河,2.05,2.07,2.03,2.05,2.04,0.01,0.4902,0.4083,2851824,5841280.06,2254819112.1,1431819017.05
2019-11-06,'000806,ST银河,2.04,2.05,2.02,2.05,2.04,0.0,0.0,0.3825,2671401,5420425.97,2243819994.48,1424834534.04
2019-11-05,'000806,ST银河,2.04,2.08,2.02,2.07,2.06,-0.02,-0.9709,0.4795,3349380,6833837.6,2243819994.48,1424834534.04
2019-11-04,'000806,ST银河,2.06,2.09,2.06,2.08,2.06,0.0,0.0,0.5085,3551900,7363904.44,2265818229.72,1438803500.06
2019-11-01,'000806,ST银河,2.06,2.07,2.0,2.06,2.06,0.0,0.0,0.7452,5204700,10575351.0,2265818229.72,1438803500.06
2019-10-31,'000806,ST银河,2.06,2.19,2.06,2.19,2.17,-0.11,-5.0691,1.6858,11774359,24579152.72,2265818229.72,1438803500.06
2019-10-30,'000806,ST银河,2.17,2.21,2.13,2.17,2.17,0.0,0.0,0.625,4365400,9457518.0,2386808523.54,1515632813.17
2019-10-29,'000806,ST银河,2.17,2.22,2.17,2.22,2.21,-0.04,-1.81,0.468,3268760,7150201.4,2386808523.54,1515632813.17
2019-10-28,'000806,ST银河,2.21,2.23,2.16,2.18,2.18,0.03,1.3761,0.7163,5003110,11001938.9,2430804994.02,1543570745.21
2019-10-25,'000806,ST银河,2.18,2.19,2.15,2.18,2.18,0.0,0.0,0.3689,2576491,5601761.38,2397807641.16,1522617296.18
2019-10-24,'000806,ST银河,2.18,2.22,2.16,2.17,2.18,0.0,0.0,0.522,3645900,7972943.9,2397807641.16,1522617296.18
2019-10-23,'000806,ST银河,2.18,2.21,2.16,2.21,2.22,-0.04,-1.8018,0.5444,3802200,8297991.0,2397807641.16,1522617296.18
2019-10-22,'000806,ST银河,2.22,2.22,2.12,2.14,2.11,0.11,5.2133,1.245,8696027,18951148.07,2441804111.64,1550555228.22
2019-10-21,'000806,ST银河,2.11,2.22,2.09,2.21,2.19,-0.08,-3.653,0.9667,6752047,14572201.46,2320813817.82,1473725915.11
2019-10-18,'000806,ST银河,2.19,2.25,2.15,2.18,2.21,-0.02,-0.905,1.2039,8408320,18528833.9,2408806758.78,1529601779.19
2019-10-17,'000806,ST银河,2.21,2.33,2.21,2.33,2.33,-0.12,-5.1502,1.5371,10736000,24000456.0,2430804994.02,1543570745.21
2019-10-16,'000806,ST银河,2.33,2.38,2.33,2.35,2.34,-0.01,-0.4274,0.5921,4135310,9735712.7,2562794405.46,1627384541.33
2019-10-15,'000806,ST银河,2.34,2.37,2.33,2.36,2.36,-0.02,-0.8475,0.5492,3836147,9008638.88,2573793523.08,1634369024.34
2019-10-14,'000806,ST银河,2.36,2.39,2.35,2.39,2.36,0.0,0.0,0.679,4742500,11235290.01,2595791758.32,1648337990.36
2019-10-11,'000806,ST银河,2.36,2.4,2.32,2.35,2.35,0.01,0.4255,1.0363,7237744,17124702.72,2595791758.32,1648337990.36
2019-10-10,'000806,ST银河,2.35,2.37,2.29,2.32,2.31,0.04,1.7316,0.8036,5612701,13053423.3,2584792640.7,1641353507.35
2019-10-09,'000806,ST银河,2.31,2.34,2.26,2.29,2.31,0.0,0.0,0.6669,4658300,10714400.5,2540796170.22,1613415575.31
2019-10-08,'000806,ST银河,2.31,2.36,2.31,2.35,2.37,-0.06,-2.5316,0.7871,5497500,12834552.9,2540796170.22,1613415575.31
2019-09-30,'000806,ST银河,2.37,2.4,2.35,2.36,2.35,0.02,0.8511,0.9898,6913378,16399914.49,2606790875.94,1655322473.37
2019-09-27,'000806,ST银河,2.35,2.37,2.26,2.28,2.29,0.06,2.6201,1.4777,10321189,24151926.28,2584792640.7,1641353507.35
2019-09-26,'000806,ST银河,2.29,2.32,2.2,2.3,2.3,-0.01,-0.4348,1.8985,13259938,30081342.73,2518797934.98,1599446609.29
2019-09-25,'000806,ST银河,2.3,2.42,2.3,2.42,2.42,-0.12,-4.9587,2.6768,18696400,43835212.0,2529797052.6,1606431092.3
2019-09-24,'000806,ST银河,2.42,2.42,2.28,2.3,2.3,0.12,5.2174,3.0371,21212767,51048329.64,2661786464.04,1690244888.42
2019-09-23,'000806,ST银河,2.3,2.31,2.22,2.27,2.27,0.03,1.3216,1.6669,11642643,26429884.64,2529797052.6,1606431092.3
2019-09-20,'000806,ST银河,2.27,2.32,2.19,2.2,2.21,0.06,2.7149,1.9677,13743581,31145062.67,2496799699.74,1585477643.27
2019-09-19,'000806,ST银河,2.21,2.21,2.17,2.2,2.19,0.02,0.9132,0.7966,5563933,12146000.94,2430804994.02,1543570745.21
2019-09-18,'000806,ST银河,2.19,2.23,2.18,2.2,2.2,-0.01,-0.4545,0.926,6467940,14239373.2,2408806758.78,1529601779.19
2019-09-17,'000806,ST银河,2.2,2.28,2.17,2.28,2.28,-0.08,-3.5088,1.5994,11170920,24704515.0,2419805876.4,1536586262.2
2019-09-16,'000806,ST银河,2.28,2.3,2.26,2.28,2.27,0.01,0.4405,0.9286,6485753,14775529.81,2507798817.36,1592462126.28
2019-09-12,'000806,ST银河,2.27,2.28,2.23,2.26,2.25,0.02,0.8889,0.9581,6691873,15126016.26,2496799699.74,1585477643.27
2019-09-11,'000806,ST银河,2.25,2.33,2.24,2.27,2.27,-0.02,-0.8811,1.4736,10292680,23505918.2,2474801464.5,1571508677.25
2019-09-10,'000806,ST银河,2.27,2.3,2.19,2.2,2.21,0.06,2.7149,1.8297,12779402,28877627.49,2496799699.74,1585477643.27
2019-09-09,'000806,ST银河,2.21,2.22,2.18,2.2,2.19,0.02,0.9132,0.9029,6306306,13861231.2,2430804994.02,1543570745.21
2019-09-06,'000806,ST银河,2.19,2.19,2.16,2.18,2.18,0.01,0.4587,0.8013,5596704,12182579.28,2408806758.78,1529601779.19
2019-09-05,'000806,ST银河,2.18,2.22,2.18,2.2,2.19,-0.01,-0.4566,1.326,9261131,20349581.6,2397807641.16,1522617296.18
2019-09-04,'000806,ST银河,2.19,2.2,2.15,2.16,2.17,0.02,0.9217,0.9923,6930637,15077991.66,2408806758.78,1529601779.19
2019-09-03,'000806,ST银河,2.17,2.19,2.12,2.14,2.13,0.04,1.8779,1.0322,7209705,15640371.29,2386808523.54,1515632813.17
2019-09-02,'000806,ST银河,2.13,2.15,2.09,2.14,2.12,0.01,0.4717,1.0105,7057527,15017489.24,2342812053.06,1487694881.13
2019-08-30,'000806,ST银河,2.12,2.22,2.11,2.19,2.21,-0.09,-4.0724,1.4582,10185040,21915750.01,2331812935.44,1480710398.12
2019-08-29,'000806,ST银河,2.21,2.23,2.17,2.17,2.19,0.02,0.9132,1.0876,7596662,16733974.78,2430804994.02,1543570745.21
2019-08-28,'000806,ST银河,2.19,2.36,2.18,2.29,2.29,-0.1,-4.3668,2.8609,19982060,45167397.4,2408806758.78,1529601779.19
2019-08-27,'000806,ST银河,2.29,2.29,2.16,2.17,2.18,0.11,5.0459,3.2981,23035210,51860774.12,2518797934.98,1599446609.29
2019-08-26,'000806,ST银河,2.18,2.23,2.05,2.08,2.12,0.06,2.8302,2.7,18858302,40639080.88,2397807641.16,1522617296.18
2019-08-23,'000806,ST银河,2.12,2.14,2.09,2.12,2.09,0.03,1.4354,2.183,15247273,32192333.03,2331812935.44,1480710398.12
2019-08-22,'000806,ST银河,2.09,2.09,1.97,1.99,1.99,0.1,5.0251,2.0039,13995960,28686680.4,2298815582.58,1459756949.09
2019-08-21,'000806,ST银河,1.99,2.0,1.98,1.99,2.0,-0.01,-0.5,0.4812,3360600,6682827.0,2188824406.38,1389912118.99
2019-08-20,'000806,ST银河,2.0,2.03,1.99,2.0,2.01,-0.01,-0.4975,0.7179,5013920,10058166.8,2199823524.0,1396896602.0
2019-08-19,'000806,ST银河,2.01,2.01,1.95,1.95,1.95,0.06,3.0769,0.9417,6577360,12996639.8,2210822641.62,1403881085.01
2019-08-16,'000806,ST银河,1.95,1.98,1.95,1.98,1.97,-0.02,-1.0152,0.8452,5903001,11583412.96,2144827935.9,1361974186.95
2019-08-15,'000806,ST银河,1.97,1.98,1.9,1.93,2.0,-0.03,-1.5,0.813,5678103,11040163.85,2166826171.14,1375943152.97
2019-08-14,'000806,ST银河,2.0,2.02,2.0,2.02,2.0,0.0,0.0,0.5925,4138410,8320442.0,2199823524.0,1396896602.0
2019-08-13,'000806,ST银河,2.0,2.01,1.99,1.99,2.02,-0.02,-0.9901,0.5395,3768422,7530292.99,2199823524.0,1396896602.0
2019-08-12,'000806,ST银河,2.02,2.03,1.99,2.0,2.01,0.01,0.4975,0.68,4749252,9521951.0,2221821759.24,1410865568.02
2019-08-09,'000806,ST银河,2.01,2.06,2.01,2.05,2.03,-0.02,-0.9852,0.6619,4623051,9392061.61,2210822641.62,1403881085.01
2019-08-08,'000806,ST银河,2.03,2.05,2.01,2.01,2.02,0.01,0.495,0.6165,4305830,8747508.9,2232820876.86,1417850051.03
2019-08-07,'000806,ST银河,2.02,2.06,1.99,2.0,1.99,0.03,1.5075,0.9921,6929010,13990936.0,2221821759.24,1410865568.02
2019-08-06,'000806,ST银河,1.99,2.01,1.95,2.0,2.04,-0.05,-2.451,1.4844,10367441,20485922.07,2188824406.38,1389912118.99
2019-08-05,'000806,ST银河,2.04,2.1,1.98,1.99,2.0,0.04,2.0,1.2923,9025901,18511178.34,2243819994.48,1424834534.04
2019-08-02,'000806,ST银河,2.0,2.03,1.98,2.02,2.05,-0.05,-2.439,1.3162,9193028,18491163.01,2199823524.0,1396896602.0
2019-08-01,'000806,ST银河,2.05,2.08,2.02,2.03,2.06,-0.01,-0.4854,0.7129,4979233,10234693.98,2254819112.1,1431819017.05
2019-07-31,'000806,ST银河,2.06,2.11,2.06,2.1,2.12,-0.06,-2.8302,0.9714,6785021,14085094.26,2265818229.72,1438803500.06
2019-07-30,'000806,ST银河,2.12,2.15,2.11,2.11,2.12,0.0,0.0,0.696,4861300,10345558.0,2331812935.44,1480710398.12
2019-07-29,'000806,ST银河,2.12,2.15,2.11,2.11,2.13,-0.01,-0.4695,0.7981,5574561,11836809.32,2331812935.44,1480710398.12
2019-07-26,'000806,ST银河,2.13,2.14,2.08,2.11,2.11,0.02,0.9479,0.9695,6771403,14369220.3,2342812053.06,1487694881.13
2019-07-25,'000806,ST银河,2.11,2.14,2.07,2.1,2.1,0.01,0.4762,1.1358,7932803,16745738.24,2320813817.82,1473725915.11
2019-07-24,'000806,ST银河,2.1,2.14,2.09,2.09,2.09,0.01,0.4785,0.9682,6762703,14284977.4,2309814700.2,1466741432.1
2019-07-23,'000806,ST银河,2.09,2.11,2.03,2.04,2.05,0.04,1.9512,0.7887,5508811,11476831.87,2298815582.58,1459756949.09
2019-07-22,'000806,ST银河,2.05,2.15,2.05,2.15,2.16,-0.11,-5.0926,1.5016,10487701,21778462.05,2254819112.1,1431819017.05
2019-07-19,'000806,ST银河,2.16,2.21,2.16,2.17,2.19,-0.03,-1.3699,0.8501,5937470,12992000.9,2375809405.92,1508648330.16
2019-07-18,'000806,ST银河,2.19,2.24,2.13,2.17,2.2,-0.01,-0.4545,1.2878,8994689,19583795.0,2408806758.78,1529601779.19
2019-07-17,'000806,ST银河,2.2,2.24,2.18,2.22,2.23,-0.03,-1.3453,1.0791,7537236,16636120.84,2419805876.4,1536586262.2
2019-07-16,'000806,ST银河,2.23,2.28,2.22,2.23,2.25,-0.02,-0.8889,1.5964,11149801,24994291.22,2452803229.26,1557539711.23
2019-07-15,'000806,ST银河,2.25,2.25,2.05,2.1,2.14,0.11,5.1402,2.6226,18317780,39898089.54,2474801464.5,1571508677.25
2019-07-12,'000806,ST银河,2.14,2.2,2.11,2.18,2.19,-0.05,-2.2831,1.6011,11183070,23888358.2,2353811170.68,1494679364.14
2019-07-11,'000806,ST银河,2.19,2.24,2.17,2.24,2.22,-0.03,-1.3514,1.2392,8654980,19126932.6,2408806758.78,1529601779.19
2019-07-10,'000806,ST银河,2.22,2.27,2.18,2.19,2.2,0.02,0.9091,1.3167,9196504,20508804.59,2441804111.64,1550555228.22
2019-07-09,'000806,ST银河,2.2,2.25,2.2,2.23,2.32,-0.12,-5.1724,2.2978,16048888,35427022.84,2419805876.4,1536586262.2
2019-07-08,'000806,ST银河,2.32,2.36,2.32,2.32,2.44,-0.12,-4.918,1.2924,9026700,21003417.0,2551795287.84,1620400058.32
2019-07-05,'000806,ST银河,2.44,2.48,2.42,2.47,2.46,-0.02,-0.813,0.9298,6494500,15887507.0,2683784699.28,1704213854.44
2019-07-04,'000806,ST银河,2.46,2.53,2.43,2.47,2.48,-0.02,-0.8065,1.7007,11878500,29371217.4,2705782934.52,1718182820.46
2019-07-03,'000806,ST银河,2.48,2.63,2.45,2.57,2.57,-0.09,-3.5019,3.2829,22929150,57572170.36,2727781169.76,1732151786.48
2019-07-02,'000806,ST银河,2.57,2.57,2.42,2.46,2.45,0.12,4.898,2.7324,19084747,48537919.23,2826773228.34,1795012133.57
2019-07-01,'000806,ST银河,2.45,2.48,2.42,2.43,2.41,0.04,1.6598,1.6847,11766534,28785344.39,2694783816.9,1711198337.45
2019-06-28,'000806,ST银河,2.41,2.53,2.39,2.48,2.52,-0.11,-4.3651,2.665,18613583,45511617.84,2650787346.42,1683260405.41
2019-06-27,'000806,ST银河,2.52,2.6,2.48,2.51,2.54,-0.02,-0.7874,2.5932,18112132,45925832.07,2771777640.24,1760089718.52
2019-06-26,'000806,ST银河,2.54,2.54,2.37,2.4,2.42,0.12,4.9587,3.113,21742820,53801915.8,2793775875.48,1774058684.54
2019-06-25,'000806,ST银河,2.42,2.49,2.4,2.45,2.47,-0.05,-2.0243,2.2021,15380416,37532448.0,2661786464.04,1690244888.42
2019-06-24,'000806,ST银河,2.47,2.52,2.4,2.46,2.42,0.05,2.0661,2.8568,19953530,49129758.9,2716782052.14,1725167303.47
2019-06-21,'000806,ST银河,2.42,2.42,2.35,2.41,2.3,0.12,5.2174,3.0715,21452813,51300973.01,2661786464.04,1690244888.42
2019-06-20,'000806,ST银河,2.3,2.4,2.27,2.38,2.39,-0.09,-3.7657,3.0162,21066920,48618571.74,2529797052.6,1606431092.3
2019-06-19,'000806,ST银河,2.39,2.52,2.34,2.48,2.46,-0.07,-2.8455,3.0742,21471690,51782067.06,2628789111.18,1669291439.39
2019-06-18,'000806,ST银河,2.46,2.51,2.34,2.36,2.4,0.06,2.5,2.7812,19425300,47806262.0,2705782934.52,1718182820.46
2019-06-17,'000806,ST银河,2.4,2.48,2.28,2.28,2.36,0.04,1.6949,3.4159,23858300,57030510.49,2639788228.8,1676275922.4
2019-06-14,'000806,ST银河,2.36,2.47,2.28,2.47,2.35,0.01,0.4255,4.623,32289300,77029185.92,2595791758.32,1648337990.36
2019-06-13,'000806,ST银河,2.35,2.35,2.26,2.3,2.24,0.11,4.9107,1.1847,8274316,19190002.04,2584792640.7,1641353507.35
2019-06-12,'000806,ST银河,2.24,2.24,2.14,2.15,2.13,0.11,5.1643,1.6456,11493934,25433143.11,2463802346.88,1564524194.24
2019-06-11,'000806,ST银河,2.13,2.13,2.01,2.03,2.03,0.1,4.9261,1.9233,13433436,28110409.27,2342812053.06,1487694881.13
2019-06-10,'000806,ST银河,2.03,2.07,1.92,1.97,2.01,0.02,0.995,2.5411,17748289,35491716.42,2232820876.86,1417850051.03
2019-06-06,'000806,ST银河,2.01,2.13,2.01,2.13,2.12,-0.11,-5.1887,2.4424,17058672,34733969.23,2210822641.62,1403881085.01
2019-06-05,'000806,ST银河,2.12,2.26,2.11,2.24,2.22,-0.1,-4.5045,2.9453,20571491,44334895.2,2331812935.44,1480710398.12
2019-06-04,'000806,ST银河,2.22,2.32,2.22,2.27,2.34,-0.12,-5.1282,2.7206,19001902,42522152.44,2441804111.64,1550555228.22
2019-06-03,'000806,ST银河,2.34,2.46,2.34,2.44,2.46,-0.12,-4.878,2.8128,19645900,46405846.0,2573793523.08,1634369024.34
2019-05-31,'000806,ST银河,2.46,2.47,2.39,2.42,2.41,0.05,2.0747,1.8057,12611771,30843368.53,2705782934.52,1718182820.46
2019-05-30,'000806,ST银河,2.41,2.53,2.41,2.52,2.54,-0.13,-5.1181,2.6824,18735221,45732962.39,2650787346.42,1683260405.41
2019-05-29,'000806,ST银河,2.54,2.59,2.53,2.53,2.6,-0.06,-2.3077,2.0778,14512202,37039995.08,2793775875.48,1774058684.54
2019-05-28,'000806,ST银河,2.6,2.67,2.52,2.53,2.56,0.04,1.5625,3.1727,22159865,57920291.78,2859770581.2,1815965582.6
2019-05-27,'000806,ST银河,2.56,2.59,2.41,2.48,2.47,0.09,3.6437,3.1377,21915042,55128540.56,2815774110.72,1788027650.56
2019-05-24,'000806,ST银河,2.47,2.56,2.47,2.48,2.6,-0.13,-5.0,3.6006,25148564,62843596.96,2716782052.14,1725167303.47
2019-05-23,'000806,ST银河,2.6,2.71,2.6,2.67,2.74,-0.14,-5.1095,3.0617,21384663,56183417.51,2859770581.2,1815965582.6
2019-05-22,'000806,ST银河,2.74,2.89,2.74,2.85,2.88,-0.14,-4.8611,3.9214,27389092,76437965.44,3013758227.88,1913748344.74
2019-05-21,'000806,ST银河,2.88,2.93,2.78,2.78,2.89,-0.01,-0.346,3.1887,22271609,63929382.44,3167745874.56,2011531106.88
2019-05-20,'000806,ST银河,2.89,2.99,2.89,2.95,3.04,-0.15,-4.9342,3.182,22224333,64494462.24,3178744992.18,2018515589.89
2019-05-17,'000806,ST银河,3.04,3.19,3.04,3.19,3.2,-0.16,-5.0,3.7411,26129681,80665211.82,3343731756.48,2123282835.04
2019-05-16,'000806,ST银河,3.2,3.22,3.1,3.14,3.17,0.03,0.9464,3.5354,24693270,78314487.5,3519717638.4,2235034563.2
2019-05-15,'000806,ST银河,3.17,3.22,3.02,3.19,3.18,-0.01,-0.3145,5.1556,36009299,111856286.34,3486720285.54,2214081114.17
2019-05-14,'000806,ST银河,3.18,3.36,3.18,3.29,3.35,-0.17,-5.0746,4.5482,31767103,103017522.88,3497719403.16,2221065597.18
2019-05-13,'000806,ST银河,3.35,3.43,3.28,3.31,3.35,0.0,0.0,3.4977,24429403,82125697.25,3684704402.7,2339801808.35
2019-05-10,'000806,ST银河,3.35,3.38,3.13,3.29,3.29,0.06,1.8237,4.6404,32410807,107371470.51,3684704402.7,2339801808.35
2019-05-09,'000806,ST银河,3.29,3.44,3.28,3.3,3.38,-0.09,-2.6627,4.6546,32509668,109077552.39,3618709696.98,2297894910.29
2019-05-08,'000806,ST银河,3.38,3.38,3.1,3.11,3.22,0.16,4.9689,7.0289,49093183,163042047.13,3717701755.56,2360755257.38
2019-05-07,'000806,ST银河,3.22,3.4,3.22,3.25,3.39,-0.17,-5.0147,6.1343,42844927,139794066.23,3541715873.64,2249003529.22
2019-05-06,'000806,ST银河,3.39,3.44,3.39,3.44,3.57,-0.18,-5.042,1.9943,13929200,47364479.0,3728700873.18,2367739740.39
2019-04-30,'000806,ST银河,3.57,3.76,3.53,3.63,3.72,-0.15,-4.0323,4.8851,34119957,122990875.55,3926684990.34,2493460434.57
2019-04-29,'000806,ST银河,3.72,3.92,3.72,3.83,3.92,-0.2,-5.102,3.9463,27563002,104072017.36,4091671754.64,2598227679.72
2019-04-26,'000806,ST银河,3.92,3.99,3.82,3.84,3.91,0.01,0.2558,3.4193,23881813,93365624.66,4311654107.04,2737917339.92
2019-04-25,'000806,ST银河,3.91,4.19,3.91,4.05,4.12,-0.21,-5.0971,5.0822,35496400,143495445.0,4300654989.42,2730932856.91
2019-04-24,'000806,ST银河,4.12,4.35,4.12,4.3,4.34,-0.22,-5.0691,5.7451,40126795,167375805.62,4531636459.44,2877607000.12
2019-04-23,'000806,ST银河,4.34,4.57,4.34,4.57,4.57,-0.23,-5.0328,6.0316,42127651,184490718.19,4773617047.08,3031265626.34
2019-04-22,'000806,ST银河,4.57,4.79,4.55,4.78,4.79,-0.22,-4.5929,6.1811,43171488,201800075.46,5026596752.34,3191908735.57
2019-04-19,'000806,ST银河,4.79,4.87,4.67,4.71,4.71,0.08,1.6985,5.7062,39855000,190880301.96,5268577339.98,3345567361.79
2019-04-18,'000806,ST银河,4.71,4.86,4.7,4.8,4.88,-0.17,-3.4836,6.4147,44803400,214194199.97,5180584399.02,3289691497.71
2019-04-17,'000806,ST银河,4.88,4.94,4.71,4.82,4.85,0.03,0.6186,7.43,51894430,250105868.68,5367569398.56,3408427708.88
2019-04-16,'000806,ST银河,4.85,5.09,4.75,4.96,5.0,-0.15,-3.0,9.2858,64856517,316467950.99,5334572045.7,3387474259.85
2019-04-15,'000806,ST银河,5.0,5.2,4.96,4.96,5.05,-0.05,-0.9901,6.7103,46868244,237188494.17,5499558810.0,3492241505.0
2019-04-12,'000806,ST银河,5.05,5.43,5.0,5.35,5.25,-0.2,-3.8095,10.3931,72590198,378492035.14,5554554398.1,3527163920.05
2019-04-11,'000806,ST银河,5.25,5.25,4.95,4.98,5.0,0.25,5.0,5.902,41222359,213094335.81,5774536750.5,3666853580.25
2019-04-10,'000806,ST银河,5.0,5.15,4.86,4.95,5.02,-0.02,-0.3984,8.6037,60092059,302849662.66,5499558810.0,3492241505.0
2019-04-09,'000806,ST银河,5.02,5.23,5.0,5.15,5.26,-0.24,-4.5627,13.5314,94509492,477755947.31,5521557045.24,3506210471.02
2019-04-08,'000806,ST银河,5.26,5.42,4.95,4.98,5.21,0.05,0.9597,16.6405,116225400,591992327.95,5785535868.12,3673838063.26
2019-04-04,'000806,ST银河,5.21,5.38,5.21,5.21,5.48,-0.27,-4.927,18.5652,129668341,677650472.68,5730540280.02,3638915648.21
2019-04-03,'000806,ST银河,5.48,5.48,5.48,5.48,5.77,-0.29,-5.026,0.4814,3362200,18424856.0,6027516455.76,3827496689.48
2019-04-02,'000806,ST银河,5.77,5.77,5.77,5.77,6.07,-0.3,-4.9423,0.5714,3990900,23027493.0,6346490866.74,4030046696.77
2019-04-01,'000806,ST银河,6.07,6.07,6.07,6.07,6.39,-0.32,-5.0078,0.2127,1485300,9015771.0,6676464395.34,4239581187.07
2019-03-29,'000806,ST银河,6.39,6.39,6.39,6.39,6.73,-0.34,-5.052,0.0897,626300,4002057.0,7028436159.18,4463084643.39
2019-03-28,'000806,银河生物,0.0,0.0,0.0,0.0,6.73,None,None,0.0,0,0.0,7402406158.26,4700557065.73
2019-03-27,'000806,银河生物,6.73,6.73,6.05,6.05,6.12,0.61,9.9673,16.8167,117455798,760673114.51,7402406158.26,4700557065.73
2019-03-26,'000806,银河生物,6.12,6.87,5.98,6.77,6.63,-0.51,-7.6923,13.9339,97321389,624109678.26,6731459983.44,4274503602.12
2019-03-25,'000806,银河生物,6.63,7.14,6.31,6.38,6.7,-0.07,-1.0448,16.1514,112808874,765877378.23,7292414982.06,4630712235.63
2019-03-22,'000806,银河生物,6.7,6.97,6.25,6.52,6.66,0.04,0.6006,19.4222,135653983,899230577.75,7369408805.4,4679603616.7
2019-03-21,'000806,银河生物,6.66,6.95,6.27,6.27,6.32,0.34,5.3797,23.9954,167595173,1129663077.53,7325412334.92,4651665684.66
2019-03-20,'000806,银河生物,6.32,6.49,5.74,5.88,5.93,0.39,6.5767,15.2818,106735563,657258564.82,6951442335.84,4414193262.32
2019-03-19,'000806,银河生物,5.93,6.15,5.8,5.85,5.97,-0.04,-0.67,8.0222,56030741,336877897.75,6522476748.66,4141798424.93
2019-03-18,'000806,银河生物,5.97,6.2,5.79,6.18,6.23,-0.26,-4.1734,8.2084,57331157,342766492.81,6566473219.14,4169736356.97
2019-03-15,'000806,银河生物,6.23,6.39,5.65,5.81,6.02,0.21,3.4884,12.8444,89711804,539138688.8,6852450277.26,4351332915.23
2019-03-14,'000806,银河生物,6.02,6.6,6.02,6.6,6.69,-0.67,-10.0149,13.1018,91509188,570607554.45,6621468807.24,4204658772.02
2019-03-13,'000806,银河生物,6.69,6.69,5.93,6.0,6.08,0.61,10.0329,18.524,129380343,829517293.68,7358409687.78,4672619133.69
2019-03-12,'000806,银河生物,6.08,6.2,5.65,5.84,5.83,0.25,4.2882,13.6555,95376603,565757070.59,6687463512.96,4246565670.08
2019-03-11,'000806,银河生物,5.83,5.95,5.33,5.55,5.54,0.29,5.2347,12.7924,89348280,507401643.24,6412485572.46,4071953594.83
2019-03-08,'000806,银河生物,5.54,6.24,5.16,5.73,5.73,-0.19,-3.3159,17.5909,122863211,716858588.87,6093511161.48,3869403587.54
2019-03-07,'000806,银河生物,5.73,5.73,5.02,5.2,5.21,0.52,9.9808,14.1711,98977969,551138859.71,6302494396.26,4002108764.73
2019-03-06,'000806,银河生物,5.21,5.21,4.63,4.85,4.74,0.47,9.9156,15.5304,108471640,540185193.16,5730540280.02,3638915648.21
2019-03-05,'000806,银河生物,4.74,4.83,4.47,4.49,4.64,0.1,2.1552,11.3582,79330960,370487869.66,5213581751.88,3310644946.74
2019-03-04,'000806,银河生物,4.64,4.77,4.35,4.35,4.47,0.17,3.8031,13.081,91363810,416077768.52,5103590575.68,3240800116.64
2019-03-01,'000806,银河生物,4.47,4.85,4.37,4.61,4.53,-0.06,-1.3245,15.336,107114067,492224491.88,4916605576.14,3122063905.47
2019-02-28,'000806,银河生物,4.53,4.53,4.15,4.15,4.12,0.41,9.9515,15.4488,107902028,473543151.01,4982600281.86,3163970803.53
2019-02-27,'000806,银河生物,4.12,4.38,4.03,4.29,4.2,-0.08,-1.9048,8.318,58096608,245054351.04,4531636459.44,2877607000.12
2019-02-26,'000806,银河生物,4.2,4.51,4.09,4.17,4.23,-0.03,-0.7092,11.8812,82983989,356373986.16,4619629400.4,2933482864.2
2019-02-25,'000806,银河生物,4.23,4.25,4.01,4.06,4.08,0.15,3.6765,12.6764,88538428,365747754.4,4652626753.26,2954436313.23
2019-02-22,'000806,银河生物,4.08,4.19,3.92,4.03,4.2,-0.12,-2.8571,9.6108,67126431,273419421.14,4487639988.96,2849669068.08
2019-02-21,'000806,银河生物,4.2,4.35,3.8,3.93,4.06,0.14,3.4483,14.3115,99958283,405511883.64,4619629400.4,2933482864.2
2019-02-20,'000806,银河生物,4.06,4.12,3.84,3.97,3.82,0.24,6.2827,9.4948,66316497,263993326.87,4465641753.72,2835700102.06
2019-02-19,'000806,银河生物,3.82,3.93,3.71,3.74,3.75,0.07,1.8667,8.3685,58449596,222010482.94,4201662930.84,2668072509.82
2019-02-18,'000806,银河生物,3.75,3.82,3.63,3.63,3.59,0.16,4.4568,7.8427,54777147,205186157.42,4124669107.5,2619181128.75
2019-02-15,'000806,银河生物,3.59,3.68,3.49,3.55,3.58,0.01,0.2793,5.89,41138890,147822013.29,3948683225.58,2507429400.59
2019-02-14,'000806,银河生物,3.58,3.72,3.41,3.46,3.55,0.03,0.8451,7.6159,53193019,189425473.58,3937684107.96,2500444917.58
2019-02-13,'000806,银河生物,3.55,3.68,3.45,3.49,3.48,0.07,2.0115,10.1567,70939598,252173240.72,3904686755.1,2479491468.55
2019-02-12,'000806,银河生物,3.48,3.48,3.18,3.22,3.16,0.32,10.1266,2.4112,16841011,57139378.68,3827692931.76,2430600087.48
2019-02-11,'000806,银河生物,3.16,3.2,3.08,3.09,3.07,0.09,2.9316,2.5421,17755075,55979647.59,3475721167.92,2207096631.16
2019-02-01,'000806,银河生物,3.07,3.12,2.93,2.97,2.9,0.17,5.8621,4.0208,28083489,84905883.36,3376729109.34,2144236284.07
2019-01-31,'000806,银河生物,2.9,3.15,2.87,3.09,3.18,-0.28,-8.805,5.7993,40504784,121253258.9,3189744109.8,2025500072.9
2019-01-30,'000806,银河生物,3.18,3.31,3.13,3.18,3.23,-0.05,-1.548,4.2453,29650977,95604307.62,3497719403.16,2221065597.18
2019-01-29,'000806,银河生物,3.23,3.48,3.19,3.42,3.54,-0.31,-8.7571,8.6217,60218279,197716054.08,3552714991.26,2255988012.23
2019-01-28,'000806,银河生物,3.54,3.83,3.53,3.53,3.92,-0.38,-9.6939,14.3587,100287845,361784745.06,3893687637.48,2472506985.54
2019-01-25,'000806,银河生物,3.92,3.92,3.92,3.92,4.36,-0.44,-10.0917,1.0405,7267400,28488208.0,4311654107.04,2737917339.92
2019-01-24,'000806,银河生物,4.36,5.32,4.36,4.8,4.84,-0.48,-9.9174,18.3666,128281034,621628974.75,4795615282.32,3045234592.36
2019-01-23,'000806,银河生物,4.84,5.2,4.74,5.01,4.94,-0.1,-2.0243,10.9546,76511936,380927089.77,5323572928.08,3380489776.84
2019-01-22,'000806,银河生物,4.94,4.94,4.68,4.68,4.49,0.45,10.0223,2.5905,18093072,88434799.82,5433564104.28,3450334606.94
2019-01-21,'000806,银河生物,4.49,4.68,4.45,4.51,4.6,-0.11,-2.3913,5.1023,35636761,162224374.28,4938603811.38,3136032871.49
2019-01-18,'000806,银河生物,4.6,4.6,4.2,4.27,4.28,0.32,7.4766,5.0752,35447686,155354254.99,5059594105.2,3212862184.6
2019-01-17,'000806,银河生物,4.28,4.39,4.25,4.36,4.29,-0.01,-0.2331,2.3353,16310631,70421468.49,4707622341.36,2989358728.28
2019-01-16,'000806,银河生物,4.29,4.38,4.25,4.38,4.39,-0.1,-2.2779,2.4017,16774600,72245948.48,4718621458.98,2996343211.29
2019-01-15,'000806,银河生物,4.39,4.44,4.31,4.39,4.46,-0.07,-1.5695,3.058,21358510,93094062.5,4828612635.18,3066188041.39
2019-01-14,'000806,银河生物,4.46,4.49,4.26,4.28,4.34,0.12,2.765,4.276,29865393,131036320.73,4905606458.52,3115079422.46
2019-01-11,'000806,银河生物,4.34,4.39,4.16,4.17,4.18,0.16,3.8278,3.2335,22584402,96963064.05,4773617047.08,3031265626.34
2019-01-10,'000806,银河生物,4.18,4.31,4.16,4.27,4.25,-0.07,-1.6471,2.0586,14378000,60956307.0,4597631165.16,2919513898.18
2019-01-09,'000806,银河生物,4.25,4.36,4.2,4.29,4.32,-0.07,-1.6204,2.8742,20074932,85760476.32,4674624988.5,2968405279.25
2019-01-08,'000806,银河生物,4.32,4.56,4.29,4.47,4.31,0.01,0.232,3.2689,22831604,99624340.26,4751618811.84,3017296660.32
2019-01-07,'000806,银河生物,4.31,4.37,4.19,4.21,4.18,0.13,3.11,3.2098,22419082,96207881.28,4740619694.22,3010312177.31
2019-01-04,'000806,银河生物,4.18,4.18,3.95,3.98,4.03,0.15,3.7221,2.7217,19009992,77795472.85,4597631165.16,2919513898.18
2019-01-03,'000806,银河生物,4.03,4.15,3.95,3.99,3.96,0.07,1.7677,2.2007,15370564,62261068.02,4432644400.86,2814746653.03
2019-01-02,'000806,银河生物,3.96,4.01,3.9,3.93,3.88,0.08,2.0619,1.8136,12667153,50258198.88,4355650577.52,2765855271.96
2018-12-28,'000806,银河生物,3.88,4.03,3.84,3.98,3.99,-0.11,-2.7569,2.3591,16477386,64795269.77,4267657636.56,2709979407.88
2018-12-27,'000806,银河生物,3.99,4.23,3.99,4.21,4.13,-0.14,-3.3898,2.1196,14804006,60566388.82,4388647930.38,2786808720.99
2018-12-26,'000806,银河生物,4.13,4.26,4.13,4.18,4.2,-0.07,-1.6667,1.5269,10664708,44671593.56,4542635577.06,2884591483.13
2018-12-25,'000806,银河生物,4.2,4.37,4.07,4.36,4.4,-0.2,-4.5455,3.0425,21250451,88704394.59,4619629400.4,2933482864.2
2018-12-24,'000806,银河生物,4.4,4.46,4.39,4.46,4.48,-0.08,-1.7857,1.955,13654337,60295742.81,4839611752.8,3073172524.4
2018-12-21,'000806,银河生物,4.48,4.54,4.32,4.37,4.4,0.08,1.8182,3.0027,20972079,93032046.93,4927604693.76,3129048388.48
2018-12-20,'000806,银河生物,4.4,4.43,4.33,4.35,4.36,0.04,0.9174,1.3696,9565958,41944753.03,4839611752.8,3073172524.4
2018-12-19,'000806,银河生物,4.36,4.48,4.35,4.4,4.41,-0.05,-1.1338,1.5519,10839172,47779344.22,4795615282.32,3045234592.36
2018-12-18,'000806,银河生物,4.41,4.46,4.34,4.38,4.41,0.0,0.0,1.8181,12698281,56054926.65,4850610870.42,3080157007.41
2018-12-17,'000806,银河生物,4.41,4.46,4.28,4.28,4.3,0.11,2.5581,2.628,18355271,80331231.69,4850610870.42,3080157007.41
2018-12-14,'000806,银河生物,4.3,4.51,4.28,4.51,4.49,-0.19,-4.2316,3.4276,23940189,104732977.97,4729620576.6,3003327694.3
2018-12-13,'000806,银河生物,4.49,4.59,4.46,4.55,4.54,-0.05,-1.1013,2.9022,20270603,91647759.96,4938603811.38,3136032871.49
2018-12-12,'000806,银河生物,4.54,4.62,4.49,4.55,4.58,-0.04,-0.8734,2.2414,15655000,71310056.0,4993599399.48,3170955286.54
2018-12-11,'000806,银河生物,4.58,4.67,4.52,4.58,4.62,-0.04,-0.8658,2.6917,18800300,86106936.0,5037595869.96,3198893218.58
2018-12-10,'000806,银河生物,4.62,4.64,4.41,4.58,4.6,0.02,0.4348,4.0757,28466693,128430122.64,5081592340.44,3226831150.62
2018-12-07,'000806,银河生物,4.6,4.73,4.54,4.7,4.68,-0.08,-1.7094,4.0008,27943492,129043587.75,5059594105.2,3212862184.6
2018-12-06,'000806,银河生物,4.68,5.05,4.67,4.95,5.13,-0.45,-8.7719,8.5754,59894858,288525336.64,5147587046.16,3268738048.68
2018-12-05,'000806,银河生物,5.13,5.86,5.09,5.5,5.43,-0.3,-5.5249,15.7167,109773193,599517352.17,5642547339.06,3583039784.13
2018-12-04,'000806,银河生物,5.43,5.43,5.23,5.43,4.94,0.49,9.919,3.7035,25866976,140176685.68,5972520867.66,3792574274.43
2018-12-03,'000806,银河生物,4.94,4.94,4.94,4.94,4.49,0.45,10.0223,1.7014,11883188,58702948.72,5433564104.28,3450334606.94
2018-11-30,'000806,银河生物,4.49,4.6,4.38,4.55,4.58,-0.09,-1.9651,2.646,18480694,82626050.59,4938603811.38,3136032871.49
2018-11-29,'000806,银河生物,4.58,4.79,4.54,4.73,4.73,-0.15,-3.1712,2.9713,20753150,96626695.48,5037595869.96,3198893218.58
2018-11-28,'000806,银河生物,4.73,4.78,4.5,4.65,4.68,0.05,1.0684,2.9697,20741699,96315400.29,5202582634.26,3303660463.73
2018-11-27,'000806,银河生物,4.68,4.82,4.61,4.7,4.64,0.04,0.8621,2.9381,20521286,96759123.76,5147587046.16,3268738048.68
2018-11-26,'000806,银河生物,4.64,4.75,4.56,4.67,4.57,0.07,1.5317,2.4676,17234988,80028919.63,5103590575.68,3240800116.64
2018-11-23,'000806,银河生物,4.57,4.85,4.46,4.85,4.89,-0.32,-6.544,4.4656,31189668,144929715.64,5026596752.34,3191908735.57
2018-11-22,'000806,银河生物,4.89,5.04,4.8,4.85,4.86,0.03,0.6173,4.2139,29432061,144259781.62,5378568516.18,3415412191.89
2018-11-21,'000806,银河生物,4.86,4.97,4.62,4.62,4.71,0.15,3.1847,5.3397,37294938,179941485.19,5345571163.32,3394458742.86
2018-11-20,'000806,银河生物,4.71,5.1,4.64,4.99,4.99,-0.28,-5.6112,6.4685,45179319,219391862.22,5180584399.02,3289691497.71
2018-11-19,'000806,银河生物,4.99,5.2,4.88,4.93,4.99,0.0,0.0,5.745,40125644,201804028.36,5488559692.38,3485257021.99
2018-11-16,'000806,银河生物,4.99,5.22,4.88,5.08,5.05,-0.06,-1.1881,10.2335,71475478,361311916.83,5488559692.38,3485257021.99
2018-11-15,'000806,银河生物,5.05,5.15,4.64,4.81,4.68,0.37,7.906,9.2523,64622722,318483047.07,5554554398.1,3527163920.05
2018-11-14,'000806,银河生物,4.68,4.95,4.47,4.58,4.6,0.08,1.7391,8.0985,56563988,264154884.11,5147587046.16,3268738048.68
2018-11-13,'000806,银河生物,4.6,4.79,4.3,4.36,4.41,0.19,4.3084,8.7583,61172513,278685398.55,5059594105.2,3212862184.6
2018-11-12,'000806,银河生物,4.41,4.48,4.24,4.34,4.32,0.09,2.0833,6.0987,42596463,186706261.64,4850610870.42,3080157007.41
2018-11-09,'000806,银河生物,4.32,4.45,4.11,4.12,4.21,0.11,2.6128,6.7911,47432542,201913266.87,4751618811.84,3017296660.32
2018-11-08,'000806,银河生物,4.21,4.3,3.98,4.06,3.96,0.25,6.3131,6.6524,46463877,191993987.34,4630628518.02,2940467347.21
2018-11-07,'000806,银河生物,3.96,4.18,3.95,4.02,4.03,-0.07,-1.737,3.4553,24133557,97902680.99,4355650577.52,2765855271.96
2018-11-06,'000806,银河生物,4.03,4.08,3.93,4.0,4.01,0.02,0.4988,2.6931,18809761,75200239.27,4432644400.86,2814746653.03
2018-11-05,'000806,银河生物,4.01,4.02,3.89,3.92,3.93,0.08,2.0356,2.9268,20441990,81135429.84,4410646165.62,2800777687.01
2018-11-02,'000806,银河生物,3.93,3.95,3.85,3.86,3.83,0.1,2.611,2.7778,19401573,75847215.36,4322653224.66,2744901822.93
2018-11-01,'000806,银河生物,3.83,3.94,3.83,3.86,3.85,-0.02,-0.5195,2.512,17544872,68183717.87,4212662048.46,2675056992.83
2018-10-31,'000806,银河生物,3.85,3.87,3.75,3.79,3.8,0.05,1.3158,2.0769,14505944,55508986.26,4234660283.7,2689025958.85
2018-10-30,'000806,银河生物,3.8,3.9,3.72,3.85,3.88,-0.08,-2.0619,2.9139,20352340,77254934.15,4179664695.6,2654103543.8
2018-10-29,'000806,银河生物,3.88,3.98,3.8,3.89,3.88,0.0,0.0,2.1483,15005019,58382674.38,4267657636.56,2709979407.88
2018-10-26,'000806,银河生物,3.88,4.04,3.88,4.02,3.97,-0.09,-2.267,2.3494,16409679,64925592.26,4267657636.56,2709979407.88
2018-10-25,'000806,银河生物,3.97,4.03,3.86,3.9,4.06,-0.09,-2.2167,3.4149,23850981,94017645.41,4366649695.14,2772839754.97
2018-10-24,'000806,银河生物,4.06,4.17,4.02,4.05,4.08,-0.02,-0.4902,2.8201,19696975,80610138.72,4465641753.72,2835700102.06
2018-10-23,'000806,银河生物,4.08,4.28,4.07,4.18,4.2,-0.12,-2.8571,4.5101,31500423,131324473.85,4487639988.96,2849669068.08
2018-10-22,'000806,银河生物,4.2,4.3,4.06,4.07,4.02,0.18,4.4776,5.446,38037220,159259819.02,4619629400.4,2933482864.2
2018-10-19,'000806,银河生物,4.02,4.1,3.77,3.85,3.96,0.06,1.5152,4.0624,28373775,112984256.0,4421645283.24,2807762170.02
2018-10-18,'000806,银河生物,3.96,4.24,3.95,4.03,4.1,-0.14,-3.4146,5.0517,35283400,144382488.4,4355650577.52,2765855271.96
2018-10-17,'000806,银河生物,4.1,4.25,4.02,4.18,4.21,-0.11,-2.6128,4.7436,33131731,137316237.94,4509638224.2,2863638034.1
2018-10-16,'000806,银河生物,4.21,4.26,3.82,3.96,4.02,0.19,4.7264,6.9491,48536125,197694181.39,4630628518.02,2940467347.21
2018-10-15,'000806,银河生物,4.02,4.3,3.99,4.18,4.39,-0.37,-8.4282,6.7767,47331911,196358557.08,4421645283.24,2807762170.02
2018-10-12,'000806,银河生物,4.39,4.44,3.88,4.1,4.31,0.08,1.8561,9.94,69426092,286481961.69,4828612635.18,3066188041.39
2018-10-11,'000806,银河生物,4.31,4.59,4.07,4.17,4.17,0.14,3.3573,14.2283,99376993,432633706.51,4740619694.22,3010312177.31
2018-10-10,'000806,银河生物,4.17,4.17,3.78,3.8,3.79,0.38,10.0264,6.5616,45829575,183301709.3,4586632047.54,2912529415.17
2018-10-09,'000806,银河生物,3.79,3.86,3.69,3.71,3.77,0.02,0.5305,2.2892,15988638,60453155.99,4168665577.98,2647119060.79
2018-10-08,'000806,银河生物,3.77,3.99,3.73,3.73,3.71,0.06,1.6173,4.2345,29575937,112964671.72,4146667342.74,2633150094.77
2018-09-28,'000806,银河生物,3.71,3.73,3.63,3.68,3.65,0.06,1.6438,2.3208,16209260,59776083.0,4080672637.02,2591243196.71
2018-09-27,'000806,银河生物,3.65,3.81,3.65,3.72,3.72,-0.07,-1.8817,3.4382,24013912,89513088.28,4014677931.3,2549336298.65
2018-09-26,'000806,银河生物,3.72,3.85,3.7,3.84,3.8,-0.08,-2.1053,3.6781,25689474,96367886.4,4091671754.64,2598227679.72
2018-09-25,'000806,银河生物,3.8,3.95,3.71,3.73,3.9,-0.1,-2.5641,5.5224,38570876,146110443.8,4179664695.6,2654103543.8
2018-09-21,'000806,银河生物,3.9,4.25,3.88,4.08,3.98,-0.08,-2.0101,10.5909,73971836,298210469.19,4289655871.8,2723948373.9
2018-09-20,'000806,银河生物,3.98,3.98,3.81,3.98,3.62,0.36,9.9448,8.3654,58428157,231356197.55,4377648812.76,2779824237.98
2018-09-19,'000806,银河生物,3.62,3.65,3.47,3.49,3.5,0.12,3.4286,2.9009,20261011,72542211.72,3981680578.44,2528382849.62
2018-09-18,'000806,银河生物,3.5,3.52,3.35,3.39,3.36,0.14,4.1667,2.0405,14251939,49144780.32,3849691167.0,2444569053.5
2018-09-17,'000806,银河生物,3.36,3.48,3.36,3.48,3.56,-0.2,-5.618,1.9166,13386327,45697995.86,3695703520.32,2346786291.36
2018-09-14,'000806,银河生物,3.56,3.67,3.5,3.64,3.68,-0.12,-3.2609,2.3982,16750263,59847014.74,3915685872.72,2486475951.56
2018-09-13,'000806,银河生物,3.68,3.74,3.6,3.73,3.71,-0.03,-0.8086,2.2615,15795116,57741178.61,4047675284.16,2570289747.68
2018-09-12,'000806,银河生物,3.71,3.81,3.63,3.7,3.68,0.03,0.8152,3.1893,22275511,82853524.23,4080672637.02,2591243196.71
2018-09-11,'000806,银河生物,3.68,3.75,3.47,3.54,3.57,0.11,3.0812,2.7545,19238914,69388684.93,4047675284.16,2570289747.68
2018-09-10,'000806,银河生物,3.57,3.74,3.55,3.63,3.62,-0.05,-1.3812,4.364,30480010,111278632.1,3926684990.34,2493460434.57
2018-09-07,'000806,银河生物,3.62,3.77,3.46,3.47,3.44,0.18,5.2326,4.9882,34840095,126212164.98,3981680578.44,2528382849.62
2018-09-06,'000806,银河生物,3.44,3.52,3.42,3.46,3.49,-0.05,-1.4327,1.3623,9515200,33002663.0,3783696461.28,2402662155.44
2018-09-05,'000806,银河生物,3.49,3.66,3.45,3.46,3.49,0.0,0.0,2.8058,19597085,69496697.51,3838692049.38,2437584570.49
2018-09-04,'000806,银河生物,3.49,3.51,3.39,3.4,3.46,0.03,0.8671,1.8665,13036701,45036605.49,3838692049.38,2437584570.49
2018-09-03,'000806,银河生物,3.46,3.48,3.32,3.35,3.33,0.13,3.9039,1.7973,12553349,42624692.66,3805694696.52,2416631121.46
2018-08-31,'000806,银河生物,3.33,3.38,3.31,3.37,3.38,-0.05,-1.4793,1.1487,8022907,26800972.42,3662706167.46,2325832842.33
2018-08-30,'000806,银河生物,3.38,3.55,3.36,3.39,3.41,-0.03,-0.8798,2.1023,14683704,50648392.61,3717701755.56,2360755257.38
2018-08-29,'000806,银河生物,3.41,3.46,3.4,3.41,3.43,-0.02,-0.5831,0.8615,6017176,20613148.22,3750699108.42,2381708706.41
2018-08-28,'000806,银河生物,3.43,3.48,3.42,3.47,3.48,-0.05,-1.4368,1.3501,9429755,32519255.75,3772697343.66,2395677672.43
2018-08-27,'000806,银河生物,3.48,3.52,3.42,3.48,3.5,-0.02,-0.5714,2.157,15065460,52232810.2,3827692931.76,2430600087.48
2018-08-24,'000806,银河生物,3.5,3.74,3.49,3.7,3.64,-0.14,-3.8462,3.73,26052263,93219739.92,3849691167.0,2444569053.5
2018-08-23,'000806,银河生物,3.64,3.64,3.3,3.33,3.31,0.33,9.9698,3.0881,21568647,75539956.48,4003678813.68,2542351815.64
2018-08-22,'000806,银河生物,3.31,3.4,3.3,3.36,3.44,-0.13,-3.7791,2.293,16015430,53517851.5,3640707932.22,2311863876.31
2018-08-21,'000806,银河生物,3.44,3.52,3.42,3.46,3.47,-0.03,-0.8646,1.6073,11226111,38901820.79,3783696461.28,2402662155.44
2018-08-20,'000806,银河生物,3.47,3.52,3.42,3.46,3.47,0.0,0.0,0.901,6293041,21788205.64,3816693814.14,2423615604.47
2018-08-17,'000806,银河生物,3.47,3.61,3.45,3.6,3.56,-0.09,-2.5281,1.1522,8047200,28370640.0,3816693814.14,2423615604.47
2018-08-16,'000806,银河生物,3.56,3.64,3.45,3.6,3.68,-0.12,-3.2609,1.4961,10449601,37265270.56,3915685872.72,2486475951.56
2018-08-15,'000806,银河生物,3.68,3.85,3.62,3.66,3.63,0.05,1.3774,2.567,17929398,66645416.95,4047675284.16,2570289747.68
2018-08-14,'000806,银河生物,3.63,3.75,3.58,3.6,3.62,0.01,0.2762,1.1355,7930750,28927859.5,3992679696.06,2535367332.63
2018-08-13,'000806,银河生物,3.62,3.67,3.52,3.54,3.66,-0.04,-1.0929,1.2237,8547200,30581741.0,3981680578.44,2528382849.62
2018-08-10,'000806,银河生物,3.66,3.9,3.57,3.59,3.58,0.08,2.2346,2.5283,17658868,65454761.73,4025677048.92,2556320781.66
2018-08-09,'000806,银河生物,3.58,3.64,3.49,3.52,3.53,0.05,1.4164,1.459,10190695,36632090.05,3937684107.96,2500444917.58
2018-08-08,'000806,银河生物,3.53,3.61,3.51,3.57,3.61,-0.08,-2.2161,1.5915,11115973,39426041.42,3882688519.86,2465522502.53
2018-08-07,'000806,银河生物,3.61,3.63,3.44,3.49,3.62,-0.01,-0.2762,2.1823,15241968,53945139.33,3970681460.82,2521398366.61
2018-08-06,'000806,银河生物,3.62,3.72,3.57,3.68,3.66,-0.04,-1.0929,1.3535,9453310,34512779.9,3981680578.44,2528382849.62
2018-08-03,'000806,银河生物,3.66,3.76,3.63,3.69,3.71,-0.05,-1.3477,1.1447,7995197,29616981.11,4025677048.92,2556320781.66
2018-08-02,'000806,银河生物,3.71,3.86,3.54,3.86,3.89,-0.18,-4.6272,2.2924,16010941,59520213.49,4080672637.02,2591243196.71
2018-08-01,'000806,银河生物,3.89,3.98,3.87,3.96,3.93,-0.04,-1.0178,1.6492,11518801,45196817.88,4278656754.18,2716963890.89
2018-07-31,'000806,银河生物,3.93,4.04,3.91,3.97,3.97,-0.04,-1.0076,1.8381,12837846,50868954.73,4322653224.66,2744901822.93
2018-07-30,'000806,银河生物,3.97,4.2,3.93,4.2,4.17,-0.2,-4.7962,3.2274,22541975,90296461.25,4366649695.14,2772839754.97
2018-07-27,'000806,银河生物,4.17,4.35,4.17,4.27,4.22,-0.05,-1.1848,3.4329,23976801,101721072.19,4586632047.54,2912529415.17
2018-07-26,'000806,银河生物,4.22,4.29,4.16,4.27,4.34,-0.12,-2.765,4.6013,32137801,136039568.26,4641627635.64,2947451830.22
2018-07-25,'000806,银河生物,4.34,4.44,4.19,4.21,4.13,0.21,5.0847,8.1353,56820943,245011508.77,4773617047.08,3031265626.34
2018-07-24,'000806,银河生物,4.13,4.13,3.75,3.77,3.75,0.38,10.1333,2.775,19381664,76999781.82,4542635577.06,2884591483.13
2018-07-23,'000806,银河生物,3.75,3.89,3.71,3.89,3.98,-0.23,-5.7789,3.0937,21608070,81441324.28,4124669107.5,2619181128.75
2018-07-20,'000806,银河生物,3.98,3.99,3.91,3.92,3.95,0.03,0.7595,1.2717,8882200,35159842.0,4377648812.76,2779824237.98
2018-07-19,'000806,银河生物,3.95,4.11,3.92,4.11,4.06,-0.11,-2.7094,2.0366,14224322,56688949.9,4344651459.9,2758870788.95
2018-07-18,'000806,银河生物,4.06,4.15,4.02,4.04,4.07,-0.01,-0.2457,2.1005,14671002,60124964.22,4465641753.72,2835700102.06
2018-07-17,'000806,银河生物,4.07,4.16,4.02,4.08,4.01,0.06,1.4963,2.1575,15068991,61497623.85,4476640871.34,2842684585.07
2018-07-16,'000806,银河生物,4.01,4.08,3.97,4.02,4.08,-0.07,-1.7157,1.6392,11448716,45997398.24,4410646165.62,2800777687.01
2018-07-13,'000806,银河生物,4.08,4.17,4.05,4.1,4.11,-0.03,-0.7299,1.6218,11327460,46493831.4,4487639988.96,2849669068.08
2018-07-12,'000806,银河生物,4.11,4.23,3.9,3.92,3.92,0.19,4.8469,2.766,19319120,78556749.0,4520637341.82,2870622517.11
2018-07-11,'000806,银河生物,3.92,4.08,3.9,4.08,4.13,-0.21,-5.0847,2.216,15477600,61438579.0,4311654107.04,2737917339.92
2018-07-10,'000806,银河生物,4.13,4.19,4.05,4.14,4.22,-0.09,-2.1327,2.1487,15007900,61804460.0,4542635577.06,2884591483.13
2018-07-09,'000806,银河生物,4.22,4.24,4.15,4.19,4.17,0.05,1.199,1.2606,8804920,37077336.5,4641627635.64,2947451830.22
2018-07-06,'000806,银河生物,4.17,4.29,3.94,4.04,4.05,0.12,2.963,2.4765,17296787,71602387.25,4586632047.54,2912529415.17
2018-07-05,'000806,银河生物,4.05,4.27,4.04,4.19,4.25,-0.2,-4.7059,1.5809,11041610,45952258.2,4454642636.1,2828715619.05
2018-07-04,'000806,银河生物,4.25,4.4,4.21,4.38,4.41,-0.16,-3.6281,1.8601,12991520,55715588.2,4674624988.5,2968405279.25
2018-07-03,'000806,银河生物,4.41,4.43,4.24,4.31,4.31,0.1,2.3202,2.1258,14847750,64656644.2,4850610870.42,3080157007.41
2018-07-02,'000806,银河生物,4.31,4.42,4.25,4.35,4.33,-0.02,-0.4619,2.4828,17341423,75361961.65,4740619694.22,3010312177.31
2018-06-29,'000806,银河生物,4.33,4.34,4.18,4.21,4.16,0.17,4.0865,2.1299,14876272,63829005.54,4762617929.46,3024281143.33
2018-06-28,'000806,银河生物,4.16,4.4,4.16,4.32,4.31,-0.15,-3.4803,1.5828,11055221,47324916.53,4575632929.92,2905544932.16
2018-06-27,'000806,银河生物,4.31,4.44,4.28,4.35,4.36,-0.05,-1.1468,1.7348,12116521,52578801.89,4740619694.22,3010312177.31
2018-06-26,'000806,银河生物,4.36,4.48,4.07,4.13,4.21,0.15,3.5629,2.9564,20649163,88589191.43,4795615282.32,3045234592.36
2018-06-25,'000806,银河生物,4.21,4.48,4.16,4.2,4.17,0.04,0.9592,2.6558,18549648,79857500.44,4630628518.02,2940467347.21
2018-06-22,'000806,银河生物,4.17,4.24,3.96,4.05,4.13,0.04,0.9685,2.1744,15186883,62675708.01,4586632047.54,2912529415.17
2018-06-21,'000806,银河生物,4.13,4.59,4.11,4.5,4.57,-0.44,-9.628,4.3263,30216780,130617835.91,4542635577.06,2884591483.13
2018-06-20,'000806,银河生物,4.57,4.74,4.42,4.42,4.91,-0.34,-6.9246,3.8892,27163703,122777758.32,5026596752.34,3191908735.57
2018-06-19,'000806,银河生物,4.91,4.91,4.91,4.91,5.45,-0.54,-9.9083,0.669,4672700,22942957.0,5400566751.42,3429381157.91
2018-06-15,'000806,银河生物,5.45,5.91,5.31,5.63,5.46,-0.01,-0.1832,6.3504,44354371,247893539.48,5994519102.9,3806543240.45
2018-06-14,'000806,银河生物,5.46,5.46,4.87,4.93,4.96,0.5,10.0806,3.1245,21823218,113486081.37,6005518220.52,3813527723.46
2018-06-13,'000806,银河生物,4.96,5.19,4.95,5.19,5.16,-0.2,-3.876,1.5259,10657900,53948647.9,5455562339.52,3464303572.96
2018-06-12,'000806,银河生物,5.16,5.19,5.04,5.11,5.11,0.05,0.9785,1.1345,7923945,40685943.46,5675544691.92,3603993233.16
2018-06-11,'000806,银河生物,5.11,5.28,5.07,5.19,5.19,-0.08,-1.5414,1.1672,8151990,42144025.19,5620549103.82,3569070818.11
2018-06-08,'000806,银河生物,5.19,5.33,5.1,5.31,5.3,-0.11,-2.0755,1.3863,9682599,50186636.59,5708542044.78,3624946682.19
2018-06-07,'000806,银河生物,5.3,5.49,5.3,5.35,5.3,0.0,0.0,1.8357,12821330,68847502.69,5829532338.6,3701775995.3
2018-06-06,'000806,银河生物,5.3,5.39,5.21,5.21,5.28,0.02,0.3788,1.5507,10830821,57488297.84,5829532338.6,3701775995.3
2018-06-05,'000806,银河生物,5.28,5.4,5.25,5.4,5.19,0.09,1.7341,1.4674,10249215,54266763.88,5807534103.36,3687807029.28
2018-06-04,'000806,银河生物,5.19,5.28,5.17,5.17,5.17,0.02,0.3868,1.4655,10235569,53467240.73,5708542044.78,3624946682.19
2018-06-01,'000806,银河生物,5.17,5.29,5.14,5.29,5.35,-0.18,-3.3645,1.9148,13373541,69658930.29,5686543809.54,3610977716.17
2018-05-31,'000806,银河生物,5.35,5.36,5.13,5.16,5.16,0.19,3.6822,2.3027,16083139,84596605.11,5884527926.7,3736698410.35
2018-05-30,'000806,银河生物,5.16,5.43,5.02,5.19,5.49,-0.33,-6.0109,3.2216,22501181,117079802.57,5675544691.92,3603993233.16
2018-05-29,'000806,银河生物,5.49,5.99,5.49,5.98,6.1,-0.61,-10.0,6.031,42123200,233560018.81,6038515573.38,3834481172.49
2018-05-28,'000806,银河生物,6.1,6.21,6.06,6.14,6.17,-0.07,-1.1345,1.3997,9776280,59984334.62,6709461748.2,4260534636.1
2018-05-25,'000806,银河生物,6.17,6.42,6.15,6.41,6.4,-0.23,-3.5938,2.2309,15581941,97205873.65,6786455571.54,4309426017.17
2018-05-24,'000806,银河生物,6.4,6.55,6.36,6.37,6.4,0.0,0.0,1.7367,12129729,78152846.39,7039435276.8,4470069126.4
2018-05-23,'000806,银河生物,6.4,6.63,6.39,6.58,6.63,-0.23,-3.4691,2.6395,18435788,119487067.39,7039435276.8,4470069126.4
2018-05-22,'000806,银河生物,6.63,6.69,6.58,6.69,6.72,-0.09,-1.3393,1.947,13598950,90056206.5,7292414982.06,4630712235.63
2018-05-21,'000806,银河生物,6.72,6.74,6.66,6.69,6.7,0.02,0.2985,2.1188,14799048,99053365.94,7391407040.64,4693572582.72
2018-05-18,'000806,银河生物,6.7,6.8,6.62,6.8,6.74,-0.04,-0.5935,1.8844,13161519,88086034.58,7369408805.4,4679603616.7
2018-05-17,'000806,银河生物,6.74,6.94,6.69,6.76,6.86,-0.12,-1.7493,2.7233,19020781,128913039.1,7413405275.88,4707541548.74
2018-05-16,'000806,银河生物,6.86,7.17,6.59,6.67,6.6,0.26,3.9394,4.9269,34411625,237691052.36,7545394687.32,4791355344.86
2018-05-15,'000806,银河生物,6.6,6.65,6.52,6.65,6.54,0.06,0.9174,2.651,18515549,122064700.47,7259417629.2,4609758786.6
2018-05-14,'000806,银河生物,6.54,6.83,6.54,6.83,7.05,-0.51,-7.234,5.6758,39642682,265006998.71,7193422923.48,4567851888.54
2018-05-11,'000806,银河生物,7.05,7.59,7.0,7.24,6.9,0.15,2.1739,12.7362,88955483,651513350.09,7754377922.1,4924060522.05
2018-05-10,'000806,银河生物,6.9,6.9,6.29,6.3,6.27,0.63,10.0478,4.3166,30149241,204508080.79,7589391157.8,4819293276.9
2018-05-09,'000806,银河生物,6.27,6.41,6.27,6.39,6.38,-0.11,-1.7241,1.3063,9123570,57693179.58,6896446747.74,4379270847.27
2018-05-08,'000806,银河生物,6.38,6.46,6.33,6.34,6.34,0.04,0.6309,1.403,9798951,62573148.56,7017437041.56,4456100160.38
2018-05-07,'000806,银河生物,6.34,6.38,6.22,6.22,6.23,0.11,1.7657,1.4214,9927499,62844528.79,6973440571.08,4428162228.34
2018-05-04,'000806,银河生物,6.23,6.33,6.18,6.2,6.21,0.02,0.3221,1.2659,8841491,55375149.91,6852450277.26,4351332915.23
2018-05-03,'000806,银河生物,6.21,6.22,6.01,6.13,6.18,0.03,0.4854,1.7376,12136356,74195495.72,6830452042.02,4337363949.21
2018-05-02,'000806,银河生物,6.18,6.44,6.17,6.43,6.41,-0.23,-3.5881,1.7584,12281393,77241085.9,6797454689.16,4316410500.18
2018-04-27,'000806,银河生物,6.41,6.51,6.28,6.47,6.41,0.0,0.0,1.2588,8791843,56446397.8,7050434394.42,4477053609.41
2018-04-26,'000806,银河生物,6.41,6.69,6.41,6.67,6.7,-0.29,-4.3284,1.8034,12595932,82328101.7,7050434394.42,4477053609.41
2018-04-25,'000806,银河生物,6.7,6.75,6.46,6.49,6.51,0.19,2.9186,2.4185,16891792,111807475.5,7369408805.4,4679603616.7
2018-04-24,'000806,银河生物,6.51,6.53,6.42,6.42,6.42,0.09,1.4019,1.481,10343911,67100763.35,7160425570.62,4546898439.51
2018-04-23,'000806,银河生物,6.42,6.51,6.36,6.5,6.52,-0.1,-1.5337,1.4943,10436925,66951654.85,7061433512.04,4484038092.42
2018-04-20,'000806,银河生物,6.52,6.76,6.35,6.74,6.75,-0.23,-3.4074,2.7609,19283803,126213701.91,7171424688.24,4553882922.52
2018-04-19,'000806,银河生物,6.75,6.85,6.61,6.71,6.66,0.09,1.3514,1.9913,13908187,93556525.0,7424404393.5,4714526031.75
2018-04-18,'000806,银河生物,6.66,6.93,6.45,6.89,6.84,-0.18,-2.6316,2.8874,20166783,134224500.63,7325412334.92,4651665684.66
2018-04-17,'000806,银河生物,6.84,7.05,6.78,6.95,6.91,-0.07,-1.013,1.8369,12829913,88652482.93,7523396452.08,4777386378.84
2018-04-16,'000806,银河生物,6.91,7.17,6.77,7.17,7.17,-0.26,-3.6262,2.866,20017562,138687555.88,7600390275.42,4826277759.91
2018-04-13,'000806,银河生物,7.17,7.33,7.17,7.26,7.18,-0.01,-0.1393,1.711,11950551,86365700.85,7886367333.54,5007874318.17
2018-04-12,'000806,银河生物,7.18,7.42,7.16,7.42,7.4,-0.22,-2.973,2.5427,17759472,129235890.45,7897366451.16,5014858801.18
2018-04-11,'000806,银河生物,7.4,7.55,7.31,7.4,7.32,0.08,1.0929,2.3141,16162517,119992809.61,8139347038.8,5168517427.4
2018-04-10,'000806,银河生物,7.32,7.43,7.2,7.39,7.33,-0.01,-0.1364,2.0227,14127501,103349427.47,8051354097.84,5112641563.32
2018-04-09,'000806,银河生物,7.33,7.58,7.15,7.58,7.62,-0.29,-3.8058,3.2145,22451354,165642141.31,8062353215.46,5119626046.33
2018-04-04,'000806,银河生物,7.62,7.96,7.61,7.85,7.71,-0.09,-1.1673,3.1285,21851300,170711958.81,8381327626.44,5322176053.62
2018-04-03,'000806,银河生物,7.71,7.78,7.59,7.68,7.84,-0.13,-1.6582,2.4443,17072194,131249137.9,8480319685.02,5385036400.71
2018-04-02,'000806,银河生物,7.84,7.88,7.72,7.86,7.89,-0.05,-0.6337,3.3796,23604500,184002023.13,8623308214.08,5475834679.84
2018-03-30,'000806,银河生物,7.89,8.15,7.86,7.91,7.86,0.03,0.3817,3.9533,27611950,220268556.42,8678303802.18,5510757094.89
2018-03-29,'000806,银河生物,7.86,8.06,7.78,7.99,7.96,-0.1,-1.2563,3.3634,23491517,184739702.42,8645306449.32,5489803645.86
2018-03-28,'000806,银河生物,7.96,8.32,7.57,7.57,7.86,0.1,1.2723,7.11,49659753,397188386.6,8755297625.52,5559648475.96
2018-03-27,'000806,银河生物,7.86,8.05,7.45,7.5,7.4,0.46,6.2162,6.0327,42135076,328421647.86,8645306449.32,5489803645.86
2018-03-26,'000806,银河生物,7.4,7.47,6.85,7.06,7.25,0.15,2.069,3.2983,23036573,166605931.73,8139347038.8,5168517427.4
2018-03-23,'000806,银河生物,7.25,7.55,7.01,7.5,7.74,-0.49,-6.3307,4.6005,32132243,234087376.74,7974360274.5,5063750182.25
2018-03-22,'000806,银河生物,7.74,7.88,7.5,7.58,7.59,0.15,1.9763,4.4866,31336544,242490378.93,8513317037.88,5405989849.74
2018-03-21,'000806,银河生物,7.59,7.9,7.58,7.81,7.89,-0.3,-3.8023,6.0768,42443389,328459122.56,8348330273.58,5301222604.59
2018-03-20,'000806,银河生物,7.89,8.11,7.22,7.28,7.37,0.52,7.0556,8.2918,57914002,448331160.26,8678303802.18,5510757094.89
2018-03-19,'000806,银河生物,7.37,7.57,7.22,7.4,7.44,-0.07,-0.9409,3.6499,25492592,188601698.35,8106349685.94,5147563978.37
2018-03-16,'000806,银河生物,7.44,7.59,7.26,7.26,7.21,0.23,3.19,5.3373,37277998,277939909.74,8183343509.28,5196455359.44
2018-03-15,'000806,银河生物,7.21,7.48,7.05,7.46,7.49,-0.28,-3.7383,5.6535,39486795,284821961.2,7930363804.02,5035812250.21
2018-03-14,'000806,银河生物,7.49,7.82,7.46,7.78,7.9,-0.41,-5.1899,7.7486,54119652,413909707.08,8238339097.38,5231377774.49
2018-03-13,'000806,银河生物,7.9,8.22,7.42,7.71,7.47,0.43,5.7564,14.3934,100530142,787482698.92,8689302919.8,5517741577.9
2018-03-12,'000806,银河生物,7.47,7.47,6.73,6.81,6.79,0.68,10.0147,8.4209,58815626,417714276.4,8216340862.14,5217408808.47
2018-03-09,'000806,银河生物,6.79,6.84,6.52,6.6,6.53,0.26,3.9816,5.0409,35208371,236486143.98,7468400863.98,4742463963.79
2018-03-08,'000806,银河生物,6.53,6.6,6.43,6.46,6.42,0.11,1.7134,3.3281,23244752,152032269.46,7182423805.86,4560867405.53
2018-03-07,'000806,银河生物,6.42,6.58,6.42,6.55,6.54,-0.12,-1.8349,2.6554,18546271,120209534.73,7061433512.04,4484038092.42
2018-03-06,'000806,银河生物,6.54,6.58,6.4,6.51,6.49,0.05,0.7704,3.1678,22125459,143817846.88,7193422923.48,4567851888.54
2018-03-05,'000806,银河生物,6.49,6.6,6.4,6.55,6.61,-0.12,-1.8154,3.2199,22489671,145721872.79,7138427335.38,4532929473.49
2018-03-02,'000806,银河生物,6.61,6.88,6.61,6.82,6.8,-0.19,-2.7941,3.8872,27149837,182776336.57,7270416746.82,4616743269.61
2018-03-01,'000806,银河生物,6.8,6.87,6.55,6.6,6.63,0.17,2.5641,4.3884,30650802,205690183.35,7479399981.6,4749448446.8
2018-02-28,'000806,银河生物,6.63,6.77,6.41,6.48,6.47,0.16,2.473,4.8541,33903587,223934648.79,7292414982.06,4630712235.63
2018-02-27,'000806,银河生物,6.47,6.55,6.36,6.41,6.62,-0.15,-2.2659,5.5958,39083460,252826930.12,7116429100.14,4518960507.47
2018-02-26,'000806,银河生物,6.62,6.85,6.35,6.5,7.05,-0.43,-6.0993,8.5789,59919110,388306154.04,7281415864.44,4623727752.62
2018-02-23,'000806,银河生物,0.0,0.0,0.0,0.0,7.05,None,None,0.0,0,0.0,7754377922.1,4924060522.05
2018-02-22,'000806,银河生物,0.0,0.0,0.0,0.0,7.05,None,None,0.0,0,0.0,7754377922.1,4924060522.05
2018-02-14,'000806,银河生物,0.0,0.0,0.0,0.0,7.05,None,None,0.0,0,0.0,7754377922.1,4924060522.05
2018-02-13,'000806,银河生物,0.0,0.0,0.0,0.0,7.05,None,None,0.0,0,0.0,7754377922.1,4924060522.05
2018-02-12,'000806,银河生物,0.0,0.0,0.0,0.0,7.05,None,None,0.0,0,0.0,7754377922.1,4924060522.05
2018-02-09,'000806,银河生物,0.0,0.0,0.0,0.0,7.05,None,None,0.0,0,0.0,7754377922.1,4924060522.05
2018-02-08,'000806,银河生物,0.0,0.0,0.0,0.0,7.05,None,None,0.0,0,0.0,7754377922.1,4924060522.05
2018-02-07,'000806,银河生物,0.0,0.0,0.0,0.0,7.05,None,None,0.0,0,0.0,7754377922.1,4924060522.05
2018-02-06,'000806,银河生物,0.0,0.0,0.0,0.0,7.05,None,None,0.0,0,0.0,7754377922.1,4924060522.05
2018-02-05,'000806,银河生物,0.0,0.0,0.0,0.0,7.05,None,None,0.0,0,0.0,7754377922.1,4924060522.05
2018-02-02,'000806,银河生物,7.05,7.05,7.05,7.05,7.83,-0.78,-9.9617,0.5508,3847400,27124170.0,7754377922.1,4924060522.05
2018-02-01,'000806,银河生物,7.83,8.45,7.83,8.45,8.7,-0.87,-10.0,5.5547,38796800,312749516.24,8612309096.46,5468850196.83
2018-01-31,'000806,银河生物,8.7,9.24,8.33,9.19,9.26,-0.56,-6.0475,9.6783,67598105,572908296.63,9569232329.4,6076500218.7
2018-01-30,'000806,银河生物,9.26,9.53,9.16,9.2,9.14,0.12,1.3129,5.2365,36574150,339178337.59,10185182916.1,6467631267.26
2018-01-29,'000806,银河生物,9.14,9.29,9.11,9.17,9.14,0.0,0.0,5.649,39455500,362710268.98,10053193504.7,6383817471.14
2018-01-26,'000806,银河生物,9.14,9.21,9.03,9.08,9.07,0.07,0.7718,5.3011,37025791,339264383.05,10053193504.7,6383817471.14
2018-01-25,'000806,银河生物,9.07,9.33,9.06,9.27,9.25,-0.18,-1.9459,4.0554,28325034,260763382.04,9976199681.34,6334926090.07
2018-01-24,'000806,银河生物,9.25,9.34,9.06,9.2,9.18,0.07,0.7625,7.3226,51144581,471559851.32,10174183798.5,6460646784.25
2018-01-23,'000806,银河生物,9.18,9.34,9.08,9.18,9.38,-0.2,-2.1322,5.2974,36999606,340515824.57,10097189975.2,6411755403.18
2018-01-22,'000806,银河生物,9.38,10.0,8.83,10.0,9.75,-0.37,-3.7949,8.1551,56959496,522874868.82,10317172327.6,6551445063.38
2018-01-19,'000806,银河生物,9.75,10.98,9.75,10.69,10.83,-1.08,-9.9723,6.8925,48140313,487889810.62,10724139679.5,6809870934.75
2018-01-18,'000806,银河生物,10.83,11.1,10.01,10.01,10.76,0.07,0.6506,7.8599,54897358,584172729.86,11912044382.5,7564195099.83
2018-01-17,'000806,银河生物,0.0,0.0,0.0,0.0,10.76,None,None,0.0,0,0.0,11835050559.1,7515303718.76
2018-01-16,'000806,银河生物,0.0,0.0,0.0,0.0,10.76,None,None,0.0,0,0.0,11835050559.1,7515303718.76
2018-01-15,'000806,银河生物,0.0,0.0,0.0,0.0,10.76,None,None,0.0,0,0.0,11835050559.1,7515303718.76
2018-01-12,'000806,银河生物,0.0,0.0,0.0,0.0,10.76,None,None,0.0,0,0.0,11835050559.1,7515303718.76
2018-01-11,'000806,银河生物,0.0,0.0,0.0,0.0,10.76,None,None,0.0,0,0.0,11835050559.1,7515303718.76
2018-01-10,'000806,银河生物,0.0,0.0,0.0,0.0,10.76,None,None,0.0,0,0.0,11835050559.1,7515303718.76
2018-01-09,'000806,银河生物,0.0,0.0,0.0,0.0,10.76,None,None,0.0,0,0.0,11835050559.1,7515303718.76
2018-01-08,'000806,银河生物,0.0,0.0,0.0,0.0,10.76,None,None,0.0,0,0.0,11835050559.1,7515303718.76
2018-01-05,'000806,银河生物,0.0,0.0,0.0,0.0,10.76,None,None,0.0,0,0.0,11835050559.1,7515303718.76
2018-01-04,'000806,银河生物,0.0,0.0,0.0,0.0,10.76,None,None,0.0,0,0.0,11835050559.1,7515303718.76
2018-01-03,'000806,银河生物,0.0,0.0,0.0,0.0,10.76,None,None,0.0,0,0.0,11835050559.1,7515303718.76
2018-01-02,'000806,银河生物,0.0,0.0,0.0,0.0,10.76,None,None,0.0,0,0.0,11835050559.1,7515303718.76
2017-12-29,'000806,银河生物,0.0,0.0,0.0,0.0,10.76,None,None,0.0,0,0.0,11835050559.1,7515303718.76
2017-12-28,'000806,银河生物,0.0,0.0,0.0,0.0,10.76,None,None,0.0,0,0.0,11835050559.1,7515303718.76
2017-12-27,'000806,银河生物,0.0,0.0,0.0,0.0,10.76,None,None,0.0,0,0.0,11835050559.1,7515303718.76
2017-12-26,'000806,银河生物,0.0,0.0,0.0,0.0,10.76,None,None,0.0,0,0.0,11835050559.1,7515303718.76
2017-12-25,'000806,银河生物,0.0,0.0,0.0,0.0,10.76,None,None,0.0,0,0.0,11835050559.1,7515303718.76
2017-12-22,'000806,银河生物,0.0,0.0,0.0,0.0,10.76,None,None,0.0,0,0.0,11835050559.1,7515303718.76
2017-12-21,'000806,银河生物,0.0,0.0,0.0,0.0,10.76,None,None,0.0,0,0.0,11835050559.1,7515303718.76
2017-12-20,'000806,银河生物,0.0,0.0,0.0,0.0,10.76,None,None,0.0,0,0.0,11835050559.1,7515303718.76
2017-12-19,'000806,银河生物,0.0,0.0,0.0,0.0,10.76,None,None,0.0,0,0.0,11835050559.1,7515303718.76
2017-12-18,'000806,银河生物,0.0,0.0,0.0,0.0,10.76,None,None,0.0,0,0.0,11835050559.1,7515303718.76
2017-12-15,'000806,银河生物,0.0,0.0,0.0,0.0,10.76,None,None,0.0,0,0.0,11835050559.1,7515303718.76
2017-12-14,'000806,银河生物,0.0,0.0,0.0,0.0,10.76,None,None,0.0,0,0.0,11835050559.1,7515303718.76
2017-12-13,'000806,银河生物,0.0,0.0,0.0,0.0,10.76,None,None,0.0,0,0.0,11835050559.1,7515303718.76
2017-12-12,'000806,银河生物,0.0,0.0,0.0,0.0,10.76,None,None,0.0,0,0.0,11835050559.1,7515303718.76
2017-12-11,'000806,银河生物,0.0,0.0,0.0,0.0,10.76,None,None,0.0,0,0.0,11835050559.1,7515303718.76
2017-12-08,'000806,银河生物,0.0,0.0,0.0,0.0,10.76,None,None,0.0,0,0.0,11835050559.1,7515303718.76
2017-12-07,'000806,银河生物,0.0,0.0,0.0,0.0,10.76,None,None,0.0,0,0.0,11835050559.1,7515303718.76
2017-12-06,'000806,银河生物,0.0,0.0,0.0,0.0,10.76,None,None,0.0,0,0.0,11835050559.1,7515303718.76
2017-12-05,'000806,银河生物,0.0,0.0,0.0,0.0,10.76,None,None,0.0,0,0.0,11835050559.1,7515303718.76
2017-12-04,'000806,银河生物,0.0,0.0,0.0,0.0,10.76,None,None,0.0,0,0.0,11835050559.1,7515303718.76
2017-12-01,'000806,银河生物,0.0,0.0,0.0,0.0,10.76,None,None,0.0,0,0.0,11835050559.1,7515303718.76
2017-11-30,'000806,银河生物,0.0,0.0,0.0,0.0,10.76,None,None,0.0,0,0.0,11835050559.1,7515303718.76
2017-11-29,'000806,银河生物,0.0,0.0,0.0,0.0,10.76,None,None,0.0,0,0.0,11835050559.1,7515303718.76
2017-11-28,'000806,银河生物,0.0,0.0,0.0,0.0,10.76,None,None,0.0,0,0.0,11835050559.1,7515303718.76
2017-11-27,'000806,银河生物,0.0,0.0,0.0,0.0,10.76,None,None,0.0,0,0.0,11835050559.1,7515303718.76
2017-11-24,'000806,银河生物,0.0,0.0,0.0,0.0,10.76,None,None,0.0,0,0.0,11835050559.1,7515303718.76
2017-11-23,'000806,银河生物,0.0,0.0,0.0,0.0,10.76,None,None,0.0,0,0.0,11835050559.1,7515303718.76
2017-11-22,'000806,银河生物,0.0,0.0,0.0,0.0,10.76,None,None,0.0,0,0.0,11835050559.1,7515303718.76
2017-11-21,'000806,银河生物,0.0,0.0,0.0,0.0,10.76,None,None,0.0,0,0.0,11835050559.1,7515303718.76
2017-11-20,'000806,银河生物,0.0,0.0,0.0,0.0,10.76,None,None,0.0,0,0.0,11835050559.1,7515303718.76
2017-11-17,'000806,银河生物,0.0,0.0,0.0,0.0,10.76,None,None,0.0,0,0.0,11835050559.1,7515303718.76
2017-11-16,'000806,银河生物,0.0,0.0,0.0,0.0,10.76,None,None,0.0,0,0.0,11835050559.1,7515303718.76
2017-11-15,'000806,银河生物,0.0,0.0,0.0,0.0,10.76,None,None,0.0,0,0.0,11835050559.1,7515303718.76
2017-11-14,'000806,银河生物,0.0,0.0,0.0,0.0,10.76,None,None,0.0,0,0.0,11835050559.1,7515303718.76
2017-11-13,'000806,银河生物,0.0,0.0,0.0,0.0,10.76,None,None,0.0,0,0.0,11835050559.1,7515303718.76
2017-11-10,'000806,银河生物,0.0,0.0,0.0,0.0,10.76,None,None,0.0,0,0.0,11835050559.1,7515303718.76
2017-11-09,'000806,银河生物,0.0,0.0,0.0,0.0,10.76,None,None,0.0,0,0.0,11835050559.1,7515303718.76
2017-11-08,'000806,银河生物,0.0,0.0,0.0,0.0,10.76,None,None,0.0,0,0.0,11835050559.1,7515303718.76
2017-11-07,'000806,银河生物,0.0,0.0,0.0,0.0,10.76,None,None,0.0,0,0.0,11835050559.1,7515303718.76
2017-11-06,'000806,银河生物,0.0,0.0,0.0,0.0,10.76,None,None,0.0,0,0.0,11835050559.1,7515303718.76
2017-11-03,'000806,银河生物,0.0,0.0,0.0,0.0,10.76,None,None,0.0,0,0.0,11835050559.1,7515303718.76
2017-11-02,'000806,银河生物,0.0,0.0,0.0,0.0,10.76,None,None,0.0,0,0.0,11835050559.1,7515303718.76
2017-11-01,'000806,银河生物,0.0,0.0,0.0,0.0,10.76,None,None,0.0,0,0.0,11835050559.1,7515303718.76
2017-10-31,'000806,银河生物,0.0,0.0,0.0,0.0,10.76,None,None,0.0,0,0.0,11835050559.1,7515303718.76
2017-10-30,'000806,银河生物,0.0,0.0,0.0,0.0,10.76,None,None,0.0,0,0.0,11835050559.1,7515303718.76
2017-10-27,'000806,银河生物,0.0,0.0,0.0,0.0,10.76,None,None,0.0,0,0.0,11835050559.1,7515303718.76
2017-10-26,'000806,银河生物,0.0,0.0,0.0,0.0,10.76,None,None,0.0,0,0.0,11835050559.1,7515303718.76
2017-10-25,'000806,银河生物,0.0,0.0,0.0,0.0,10.76,None,None,0.0,0,0.0,11835050559.1,7515303718.76
2017-10-24,'000806,银河生物,0.0,0.0,0.0,0.0,10.76,None,None,0.0,0,0.0,11835050559.1,7515303718.76
2017-10-23,'000806,银河生物,0.0,0.0,0.0,0.0,10.76,None,None,0.0,0,0.0,11835050559.1,7515303718.76
2017-10-20,'000806,银河生物,0.0,0.0,0.0,0.0,10.76,None,None,0.0,0,0.0,11835050559.1,7515303718.76
2017-10-19,'000806,银河生物,0.0,0.0,0.0,0.0,10.76,None,None,0.0,0,0.0,11835050559.1,7515303718.76
2017-10-18,'000806,银河生物,0.0,0.0,0.0,0.0,10.76,None,None,0.0,0,0.0,11835050559.1,7515303718.76
2017-10-17,'000806,银河生物,0.0,0.0,0.0,0.0,10.76,None,None,0.0,0,0.0,11835050559.1,7515303718.76
2017-10-16,'000806,银河生物,0.0,0.0,0.0,0.0,10.76,None,None,0.0,0,0.0,11835050559.1,7515303718.76
2017-10-13,'000806,银河生物,0.0,0.0,0.0,0.0,10.76,None,None,0.0,0,0.0,11835050559.1,7515303718.76
2017-10-12,'000806,银河生物,0.0,0.0,0.0,0.0,10.76,None,None,0.0,0,0.0,11835050559.1,7515303718.76
2017-10-11,'000806,银河生物,0.0,0.0,0.0,0.0,10.76,None,None,0.0,0,0.0,11835050559.1,7515303718.76
2017-10-10,'000806,银河生物,0.0,0.0,0.0,0.0,10.76,None,None,0.0,0,0.0,11835050559.1,7515303718.76
2017-10-09,'000806,银河生物,0.0,0.0,0.0,0.0,10.76,None,None,0.0,0,0.0,11835050559.1,7515303718.76
2017-09-29,'000806,银河生物,0.0,0.0,0.0,0.0,10.76,None,None,0.0,0,0.0,11835050559.1,7515303718.76
2017-09-28,'000806,银河生物,0.0,0.0,0.0,0.0,10.76,None,None,0.0,0,0.0,11835050559.1,7515303718.76
2017-09-27,'000806,银河生物,0.0,0.0,0.0,0.0,10.76,None,None,0.0,0,0.0,11835050559.1,7515303718.76
2017-09-26,'000806,银河生物,0.0,0.0,0.0,0.0,10.76,None,None,0.0,0,0.0,11835050559.1,7515303718.76
2017-09-25,'000806,银河生物,0.0,0.0,0.0,0.0,10.76,None,None,0.0,0,0.0,11835050559.1,7515303718.76
2017-09-22,'000806,银河生物,0.0,0.0,0.0,0.0,10.76,None,None,0.0,0,0.0,11835050559.1,7515303718.76
2017-09-21,'000806,银河生物,0.0,0.0,0.0,0.0,10.76,None,None,0.0,0,0.0,11835050559.1,7515303718.76
2017-09-20,'000806,银河生物,0.0,0.0,0.0,0.0,10.76,None,None,0.0,0,0.0,11835050559.1,7515303718.76
2017-09-19,'000806,银河生物,0.0,0.0,0.0,0.0,10.76,None,None,0.0,0,0.0,11835050559.1,7515303718.76
2017-09-18,'000806,银河生物,0.0,0.0,0.0,0.0,10.76,None,None,0.0,0,0.0,11835050559.1,7515303718.76
2017-09-15,'000806,银河生物,0.0,0.0,0.0,0.0,10.76,None,None,0.0,0,0.0,11835050559.1,7515303718.76
2017-09-14,'000806,银河生物,0.0,0.0,0.0,0.0,10.76,None,None,0.0,0,0.0,11835050559.1,7515303718.76
2017-09-13,'000806,银河生物,0.0,0.0,0.0,0.0,10.76,None,None,0.0,0,0.0,11835050559.1,7515303718.76
2017-09-12,'000806,银河生物,0.0,0.0,0.0,0.0,10.76,None,None,0.0,0,0.0,11835050559.1,7515303718.76
2017-09-11,'000806,银河生物,0.0,0.0,0.0,0.0,10.76,None,None,0.0,0,0.0,11835050559.1,7515303718.76
2017-09-08,'000806,银河生物,0.0,0.0,0.0,0.0,10.76,None,None,0.0,0,0.0,11835050559.1,7515303718.76
2017-09-07,'000806,银河生物,0.0,0.0,0.0,0.0,10.76,None,None,0.0,0,0.0,11835050559.1,7515303718.76
2017-09-06,'000806,银河生物,0.0,0.0,0.0,0.0,10.76,None,None,0.0,0,0.0,11835050559.1,7515303718.76
2017-09-05,'000806,银河生物,0.0,0.0,0.0,0.0,10.76,None,None,0.0,0,0.0,11835050559.1,7515303718.76
2017-09-04,'000806,银河生物,0.0,0.0,0.0,0.0,10.76,None,None,0.0,0,0.0,11835050559.1,7515303718.76
2017-09-01,'000806,银河生物,0.0,0.0,0.0,0.0,10.76,None,None,0.0,0,0.0,11835050559.1,7515303718.76
2017-08-31,'000806,银河生物,0.0,0.0,0.0,0.0,10.76,None,None,0.0,0,0.0,11835050559.1,7515303718.76
2017-08-30,'000806,银河生物,0.0,0.0,0.0,0.0,10.76,None,None,0.0,0,0.0,11835050559.1,7515303718.76
2017-08-29,'000806,银河生物,0.0,0.0,0.0,0.0,10.76,None,None,0.0,0,0.0,11835050559.1,7515303718.76
2017-08-28,'000806,银河生物,0.0,0.0,0.0,0.0,10.76,None,None,0.0,0,0.0,11835050559.1,7515303718.76
2017-08-25,'000806,银河生物,0.0,0.0,0.0,0.0,10.76,None,None,0.0,0,0.0,11835050559.1,7515303718.76
2017-08-24,'000806,银河生物,0.0,0.0,0.0,0.0,10.76,None,None,0.0,0,0.0,11835050559.1,7515303718.76
2017-08-23,'000806,银河生物,0.0,0.0,0.0,0.0,10.76,None,None,0.0,0,0.0,11835050559.1,7515303718.76
2017-08-22,'000806,银河生物,0.0,0.0,0.0,0.0,10.76,None,None,0.0,0,0.0,11835050559.1,7515303718.76
2017-08-21,'000806,银河生物,0.0,0.0,0.0,0.0,10.76,None,None,0.0,0,0.0,11835050559.1,7515303718.76
2017-08-18,'000806,银河生物,0.0,0.0,0.0,0.0,10.76,None,None,0.0,0,0.0,11835050559.1,7515303718.76
2017-08-17,'000806,银河生物,0.0,0.0,0.0,0.0,10.76,None,None,0.0,0,0.0,11835050559.1,7515303718.76
2017-08-16,'000806,银河生物,0.0,0.0,0.0,0.0,10.76,None,None,0.0,0,0.0,11835050559.1,7515303718.76
2017-08-15,'000806,银河生物,0.0,0.0,0.0,0.0,10.76,None,None,0.0,0,0.0,11835050559.1,7515303718.76
2017-08-14,'000806,银河生物,0.0,0.0,0.0,0.0,10.76,None,None,0.0,0,0.0,11835050559.1,7515303718.76
2017-08-11,'000806,银河生物,0.0,0.0,0.0,0.0,10.76,None,None,0.0,0,0.0,11835050559.1,7515303718.76
2017-08-10,'000806,银河生物,0.0,0.0,0.0,0.0,10.76,None,None,0.0,0,0.0,11835050559.1,7515303718.76
2017-08-09,'000806,银河生物,0.0,0.0,0.0,0.0,10.76,None,None,0.0,0,0.0,11835050559.1,7515303718.76
2017-08-08,'000806,银河生物,0.0,0.0,0.0,0.0,10.76,None,None,0.0,0,0.0,11835050559.1,7515303718.76
2017-08-07,'000806,银河生物,0.0,0.0,0.0,0.0,10.76,None,None,0.0,0,0.0,11835050559.1,7515303718.76
2017-08-04,'000806,银河生物,0.0,0.0,0.0,0.0,10.76,None,None,0.0,0,0.0,11835050559.1,7515303718.76
2017-08-03,'000806,银河生物,0.0,0.0,0.0,0.0,10.76,None,None,0.0,0,0.0,11835050559.1,7515303718.76
2017-08-02,'000806,银河生物,0.0,0.0,0.0,0.0,10.76,None,None,0.0,0,0.0,11835050559.1,7515303718.76
2017-08-01,'000806,银河生物,0.0,0.0,0.0,0.0,10.76,None,None,0.0,0,0.0,11835050559.1,7515303718.76
2017-07-31,'000806,银河生物,0.0,0.0,0.0,0.0,10.76,None,None,0.0,0,0.0,11835050559.1,7515303718.76
2017-07-28,'000806,银河生物,0.0,0.0,0.0,0.0,10.76,None,None,0.0,0,0.0,11835050559.1,7515303718.76
2017-07-27,'000806,银河生物,0.0,0.0,0.0,0.0,10.76,None,None,0.0,0,0.0,11835050559.1,7515303718.76
2017-07-26,'000806,银河生物,0.0,0.0,0.0,0.0,10.76,None,None,0.0,0,0.0,11835050559.1,7515303718.76
2017-07-25,'000806,银河生物,0.0,0.0,0.0,0.0,10.76,None,None,0.0,0,0.0,11835050559.1,7515303718.76
2017-07-24,'000806,银河生物,0.0,0.0,0.0,0.0,10.76,None,None,0.0,0,0.0,11835050559.1,7515303718.76
2017-07-21,'000806,银河生物,0.0,0.0,0.0,0.0,10.76,None,None,0.0,0,0.0,11835050559.1,7515303718.76
2017-07-20,'000806,银河生物,0.0,0.0,0.0,0.0,10.76,None,None,0.0,0,0.0,11835050559.1,7515303718.76
2017-07-19,'000806,银河生物,0.0,0.0,0.0,0.0,10.76,None,None,0.0,0,0.0,11835050559.1,7515303718.76
2017-07-18,'000806,银河生物,0.0,0.0,0.0,0.0,10.76,None,None,0.0,0,0.0,11835050559.1,7515303718.76
2017-07-17,'000806,银河生物,10.76,10.76,10.76,10.76,11.96,-1.2,-10.0334,1.4646,10229600,110070496.0,11835050559.1,7515303718.76
2017-07-14,'000806,银河生物,11.96,13.45,11.96,13.26,13.29,-1.33,-10.0075,10.0695,70330032,880288862.23,13154944673.5,8353441679.96
2017-07-13,'000806,银河生物,13.29,13.45,13.24,13.4,13.41,-0.12,-0.8949,4.4379,30996315,414167899.87,14617827317.0,9282377920.29
2017-07-12,'000806,银河生物,13.41,13.64,13.32,13.5,13.4,0.01,0.0746,6.2549,43687500,587649767.59,14749816728.4,9366191716.41
2017-07-11,'000806,银河生物,13.4,13.53,13.31,13.35,13.35,0.05,0.3745,7.3384,51254810,688097055.88,14738817610.8,9359207233.4
2017-07-10,'000806,银河生物,13.35,13.45,13.23,13.27,13.28,0.07,0.5271,8.8823,62038368,829855237.63,14683822022.7,9324284818.35
2017-07-07,'000806,银河生物,13.28,13.39,13.04,13.09,13.1,0.18,1.374,9.3839,65541671,869723555.86,14606828199.4,9275393437.28
2017-07-06,'000806,银河生物,13.1,13.6,13.1,13.51,13.51,-0.41,-3.0348,9.8426,68745133,920020164.3,14408844082.2,9149672743.1
2017-07-05,'000806,银河生物,13.51,13.62,13.32,13.44,13.45,0.06,0.4461,8.8003,61465300,831591515.75,14859807904.6,9436036546.51
2017-07-04,'000806,银河生物,13.45,13.8,13.42,13.7,13.7,-0.25,-1.8248,7.9345,55418117,753971277.41,14793813198.9,9394129648.45
2017-07-03,'000806,银河生物,13.7,13.71,13.4,13.5,13.5,0.2,1.4815,9.9313,69364810,943273850.3,15068791139.4,9568741723.7
2017-06-30,'000806,银河生物,13.5,13.65,13.46,13.47,13.48,0.02,0.1484,8.1611,57001200,773268403.47,14848808787.0,9429052063.5
2017-06-29,'000806,银河生物,13.48,13.6,13.41,13.46,13.47,0.01,0.0742,6.5863,46001678,621510150.11,14826810551.8,9415083097.48
2017-06-28,'000806,银河生物,13.47,13.6,13.3,13.44,13.44,0.03,0.2232,8.3169,58089484,783337742.85,14815811434.1,9408098614.47
2017-06-27,'000806,银河生物,13.44,14.0,13.08,14.0,13.43,0.01,0.0745,10.2166,71357711,964414939.03,14782814081.3,9387145165.44
2017-06-26,'000806,银河生物,13.43,13.6,13.36,13.45,13.41,0.02,0.1491,9.3288,65156927,878966913.21,14771814963.7,9380160682.43
2017-06-23,'000806,银河生物,13.41,13.54,13.21,13.36,13.37,0.04,0.2992,11.0189,76961482,1032834087.05,14749816728.4,9366191716.41
2017-06-22,'000806,银河生物,13.37,14.36,12.98,13.06,13.06,0.31,2.3737,13.7505,96039937,1282302968.15,14705820257.9,9338253784.37
2017-06-21,'000806,银河生物,13.06,13.3,12.96,13.0,13.0,0.06,0.4615,7.9286,55377499,726185130.04,14364847611.7,9121734811.06
2017-06-20,'000806,银河生物,13.0,13.2,12.91,12.95,13.0,0.0,0.0,8.5307,59582409,776429462.38,14298852906.0,9079827913.0
2017-06-19,'000806,银河生物,13.0,13.07,12.66,12.7,12.72,0.28,2.2013,9.0274,63051862,816329738.13,14298852906.0,9079827913.0
2017-06-16,'000806,银河生物,12.72,13.49,12.68,13.06,13.06,-0.34,-2.6034,8.7888,61384968,793735001.87,13990877612.6,8884262388.72
2017-06-15,'000806,银河生物,13.06,13.28,12.91,13.0,13.0,0.06,0.4615,8.7906,61397889,803699037.76,14364847611.7,9121734811.06
2017-06-14,'000806,银河生物,13.0,13.05,12.66,12.79,12.83,0.17,1.325,10.0227,70003472,903139858.58,14298852906.0,9079827913.0
2017-06-13,'000806,银河生物,12.83,13.03,12.56,12.85,13.0,-0.17,-1.3077,9.923,69306881,888986436.95,14111867906.5,8961091701.83
2017-06-12,'000806,银河生物,13.0,13.38,12.55,12.63,12.67,0.33,2.6046,11.709,81781345,1050801667.25,14298852906.0,9079827913.0
2017-06-09,'000806,银河生物,12.67,12.75,12.55,12.63,12.64,0.03,0.2373,9.1847,64150404,814855869.8,13935882024.5,8849339973.67
2017-06-08,'000806,银河生物,12.64,12.75,12.49,12.5,12.6,0.04,0.3175,6.8931,48144623,608074956.56,13902884671.7,8828386524.64
2017-06-07,'000806,银河生物,12.6,12.74,12.35,12.35,12.45,0.15,1.2048,11.0982,77515274,973629160.76,13858888201.2,8800448592.6
2017-06-06,'000806,银河生物,12.45,12.85,11.76,11.83,11.83,0.62,5.2409,12.5747,87827583,1072785515.69,13693901436.9,8695681347.45
2017-06-05,'000806,银河生物,11.83,11.9,11.66,11.68,11.7,0.13,1.1111,8.0922,56520176,666568282.79,13011956144.5,8262643400.83
2017-06-02,'000806,银河生物,11.7,11.76,11.57,11.6,11.6,0.1,0.8621,4.4013,30740896,358256116.89,12868967615.4,8171845121.7
2017-06-01,'000806,银河生物,11.6,11.72,11.48,11.49,11.5,0.1,0.8696,8.0061,55918280,649908621.64,12758976439.2,8102000291.6
2017-05-31,'000806,银河生物,11.5,11.61,11.43,11.45,11.44,0.06,0.5245,6.6263,46281411,533078109.42,12648985263.0,8032155461.5
2017-05-26,'000806,银河生物,11.44,11.71,11.43,11.46,11.46,-0.02,-0.1745,4.1736,29150747,336232763.16,12582990557.3,7990248563.44
2017-05-25,'000806,银河生物,11.46,11.48,11.43,11.44,11.45,0.01,0.0873,4.5397,31707804,363160004.3,12604988792.5,8004217529.46
2017-05-24,'000806,银河生物,11.45,11.5,11.41,11.43,11.44,0.01,0.0874,5.3005,37021100,423994022.22,12593989674.9,7997233046.45
2017-05-23,'000806,银河生物,11.44,11.5,11.41,11.44,11.43,0.01,0.0875,6.5532,45770570,524310134.6,12582990557.3,7990248563.44
2017-05-22,'000806,银河生物,11.43,11.55,11.41,11.42,11.42,0.01,0.0876,2.7761,19389850,222048870.37,12571991439.7,7983264080.43
2017-05-19,'000806,银河生物,11.42,11.55,11.37,11.49,11.49,-0.07,-0.6092,4.0375,28200131,323659883.08,12560992322.0,7976279597.42
2017-05-18,'000806,银河生物,11.49,11.85,11.26,11.38,11.43,0.06,0.5249,7.4391,51958166,601571985.29,12637986145.4,8025170978.49
2017-05-17,'000806,银河生物,11.43,11.6,11.42,11.52,11.51,-0.08,-0.695,3.2721,22853601,262870963.01,12571991439.7,7983264080.43
2017-05-16,'000806,银河生物,11.51,11.69,11.32,11.44,11.38,0.13,1.1424,5.5734,38926971,447895790.11,12659984380.6,8039139944.51
2017-05-15,'000806,银河生物,11.38,11.75,11.35,11.4,11.5,-0.12,-1.0435,5.4468,38042897,440208752.9,12516995851.6,7948341665.38
2017-05-12,'000806,银河生物,11.5,11.88,11.31,11.44,11.49,0.01,0.087,8.1669,57041613,663942892.73,12648985263.0,8032155461.5
2017-05-11,'000806,银河生物,11.49,11.6,11.05,11.31,11.5,-0.01,-0.087,7.8154,54586279,619838335.2,12637986145.4,8025170978.49
2017-05-10,'000806,银河生物,11.5,12.57,11.4,12.55,11.96,-0.46,-3.8462,13.1056,91535716,1090003714.29,12648985263.0,8032155461.5
2017-05-09,'000806,银河生物,11.96,11.96,10.25,10.87,10.87,1.09,10.0276,12.5342,87545131,1004581900.73,13154944673.5,8353441679.96
2017-05-08,'000806,银河生物,0.0,0.0,0.0,0.0,10.87,None,None,0.0,0,0.0,11956040852.9,7592133031.87
2017-05-05,'000806,银河生物,0.0,0.0,0.0,0.0,10.87,None,None,0.0,0,0.0,11956040852.9,7592133031.87
2017-05-04,'000806,银河生物,0.0,0.0,0.0,0.0,10.87,None,None,0.0,0,0.0,11956040852.9,7592133031.87
2017-05-03,'000806,银河生物,0.0,0.0,0.0,0.0,10.87,None,None,0.0,0,0.0,11956040852.9,7592133031.87
2017-05-02,'000806,银河生物,0.0,0.0,0.0,0.0,10.87,None,None,0.0,0,0.0,11956040852.9,7592133031.87
2017-04-28,'000806,银河生物,0.0,0.0,0.0,0.0,10.87,None,None,0.0,0,0.0,11956040852.9,7592133031.87
2017-04-27,'000806,银河生物,0.0,0.0,0.0,0.0,10.87,None,None,0.0,0,0.0,11956040852.9,7592133031.87
2017-04-26,'000806,银河生物,0.0,0.0,0.0,0.0,10.87,None,None,0.0,0,0.0,11956040852.9,7592133031.87
2017-04-25,'000806,银河生物,0.0,0.0,0.0,0.0,10.87,None,None,0.0,0,0.0,11956040852.9,7592133031.87
2017-04-24,'000806,银河生物,0.0,0.0,0.0,0.0,10.87,None,None,0.0,0,0.0,11956040852.9,7592133031.87
2017-04-21,'000806,银河生物,10.87,11.17,10.75,11.17,11.21,-0.34,-3.033,2.4571,17161892,188099284.72,11956040852.9,7592133031.87
2017-04-20,'000806,银河生物,11.21,11.5,11.21,11.42,11.5,-0.29,-2.5217,1.6411,11462140,129893135.0,12330010852.0,7829605454.21
2017-04-19,'000806,银河生物,11.5,11.53,11.0,11.47,11.53,-0.03,-0.2602,3.3944,23708400,268167846.25,12648985263.0,8032155461.5
2017-04-18,'000806,银河生物,11.53,11.64,11.45,11.61,11.64,-0.11,-0.945,1.6265,11360505,131301490.23,12681982615.9,8053108910.53
2017-04-17,'000806,银河生物,11.64,11.68,11.52,11.65,11.7,-0.06,-0.5128,2.0125,14056249,163215236.79,12802972909.7,8129938223.64
2017-04-14,'000806,银河生物,11.7,11.75,11.58,11.64,11.69,0.01,0.0855,2.4582,17169510,200376100.59,12868967615.4,8171845121.7
2017-04-13,'000806,银河生物,11.69,11.71,11.61,11.65,11.71,-0.02,-0.1708,1.964,13717840,159818080.91,12857968497.8,8164860638.69
2017-04-12,'000806,银河生物,11.71,11.76,11.6,11.76,11.74,-0.03,-0.2555,3.3919,23690782,276384460.2,12879966733.0,8178829604.71
2017-04-11,'000806,银河生物,11.74,11.88,11.62,11.71,11.77,-0.03,-0.2549,2.1486,15007102,175794151.83,12912964085.9,8199783053.74
2017-04-10,'000806,银河生物,11.77,11.99,11.62,11.8,11.78,-0.01,-0.0849,2.5893,18085255,212336445.89,12945961438.7,8220736502.77
2017-04-07,'000806,银河生物,11.78,11.93,11.76,11.82,11.86,-0.08,-0.6745,2.8461,19878771,234678621.58,12956960556.4,8227720985.78
2017-04-06,'000806,银河生物,11.86,12.06,11.81,11.99,11.83,0.03,0.2536,2.0171,14088743,167740165.5,13044953497.3,8283596849.86
2017-04-05,'000806,银河生物,11.83,12.11,11.55,11.68,11.7,0.13,1.1111,2.784,19444622,229968600.3,13011956144.5,8262643400.83
2017-03-31,'000806,银河生物,11.7,11.84,11.52,11.71,11.76,-0.06,-0.5102,2.4691,17245534,201001947.16,12868967615.4,8171845121.7
2017-03-30,'000806,银河生物,11.76,12.12,11.76,12.12,12.13,-0.37,-3.0503,2.6999,18857198,225676887.15,12934962321.1,8213752019.76
2017-03-29,'000806,银河生物,12.13,12.28,12.03,12.12,12.12,0.01,0.0825,3.5135,24540145,298936019.0,13341929673.1,8472177891.13
2017-03-28,'000806,银河生物,12.12,12.19,11.97,12.08,12.1,0.02,0.1653,2.1699,15155466,182931212.25,13330930555.4,8465193408.12
2017-03-27,'000806,银河生物,12.1,12.2,11.94,12.02,12.0,0.1,0.8333,3.2449,22664203,273675017.99,13308932320.2,8451224442.1
2017-03-24,'000806,银河生物,12.0,12.05,11.64,11.95,12.0,0.0,0.0,4.7836,33410976,394731948.52,13198941144.0,8381379612.0
2017-03-23,'000806,银河生物,12.0,12.11,11.9,12.11,12.12,-0.12,-0.9901,3.1714,22150914,266208500.35,13198941144.0,8381379612.0
2017-03-22,'000806,银河生物,12.12,12.15,12.05,12.12,12.18,-0.06,-0.4926,2.6003,18161600,219790117.52,13330930555.4,8465193408.12
2017-03-21,'000806,银河生物,12.18,12.19,12.11,12.15,12.2,-0.02,-0.1639,2.2378,15629741,189802175.76,13396925261.2,8507100306.18
2017-03-20,'000806,银河生物,12.2,12.21,12.13,12.18,12.23,-0.03,-0.2453,2.4903,17393399,211603928.82,13418923496.4,8521069272.2
2017-03-17,'000806,银河生物,12.23,12.26,12.18,12.25,12.27,-0.04,-0.326,2.6839,18745965,228764929.92,13451920849.3,8542022721.23
2017-03-16,'000806,银河生物,12.27,12.28,12.2,12.27,12.28,-0.01,-0.0814,2.5174,17583014,215156885.32,13495917319.7,8569960653.27
2017-03-15,'000806,银河生物,12.28,12.31,12.21,12.3,12.36,-0.08,-0.6472,2.1921,15310553,187574393.62,13506916437.4,8576945136.28
2017-03-14,'000806,银河生物,12.36,12.46,12.18,12.21,12.25,0.11,0.898,4.0225,28095388,347221682.23,13594909378.3,8632821000.36
2017-03-13,'000806,银河生物,12.25,12.25,12.13,12.19,12.26,-0.01,-0.0816,2.7995,19553368,238400461.61,13473919084.5,8555991687.25
2017-03-10,'000806,银河生物,12.26,12.26,12.16,12.22,12.28,-0.02,-0.1629,2.3675,16535958,201779446.43,13484918202.1,8562976170.26
2017-03-09,'000806,银河生物,12.28,12.28,12.11,12.26,12.29,-0.01,-0.0814,2.8036,19581685,238602281.51,13506916437.4,8576945136.28
2017-03-08,'000806,银河生物,12.29,12.29,12.21,12.27,12.3,-0.01,-0.0813,2.0783,14515616,177829588.88,13517915555.0,8583929619.29
2017-03-07,'000806,银河生物,12.3,12.33,12.22,12.32,12.32,-0.02,-0.1623,2.0564,14362552,176213713.64,13528914672.6,8590914102.3
2017-03-06,'000806,银河生物,12.32,12.34,12.17,12.25,12.3,0.02,0.1626,2.6093,18224647,223334658.81,13550912907.8,8604883068.32
2017-03-03,'000806,银河生物,12.3,12.3,12.12,12.3,12.36,-0.06,-0.4854,2.9996,20950616,255693699.49,13528914672.6,8590914102.3
2017-03-02,'000806,银河生物,12.36,12.52,12.22,12.46,12.54,-0.18,-1.4354,3.7816,26412454,325846790.14,13594909378.3,8632821000.36
2017-03-01,'000806,银河生物,12.54,12.73,12.54,12.66,12.7,-0.16,-1.2598,2.8517,19917835,251634776.4,13792893495.5,8758541694.54
2017-02-28,'000806,银河生物,12.7,12.85,12.65,12.8,12.86,-0.16,-1.2442,3.6648,25596655,325948096.63,13968879377.4,8870293422.7
2017-02-27,'000806,银河生物,12.86,12.95,12.31,12.34,12.34,0.52,4.2139,6.919,48325935,611354330.2,14144865259.3,8982045150.86
2017-02-24,'000806,银河生物,12.34,12.34,12.23,12.25,12.38,-0.04,-0.3231,2.9107,20330023,249751814.23,13572911143.1,8618852034.34
2017-02-23,'000806,银河生物,12.38,12.39,12.28,12.39,12.41,-0.03,-0.2417,2.4356,17011340,209795696.33,13616907613.6,8646789966.38
2017-02-22,'000806,银河生物,12.41,12.43,12.32,12.4,12.47,-0.06,-0.4812,2.3541,16442382,203378849.12,13649904966.4,8667743415.41
2017-02-21,'000806,银河生物,12.47,12.47,12.29,12.4,12.47,0.0,0.0,3.2674,22821104,282219369.7,13715899672.1,8709650313.47
2017-02-20,'000806,银河生物,12.47,12.48,12.29,12.43,12.51,-0.04,-0.3197,2.246,15686865,194084122.39,13715899672.1,8709650313.47
2017-02-17,'000806,银河生物,12.51,12.6,12.3,12.6,12.52,-0.01,-0.0799,2.9018,20267557,252502693.97,13759896142.6,8737588245.51
2017-02-16,'000806,银河生物,12.52,12.53,12.42,12.5,12.54,-0.02,-0.1595,2.6526,18526789,231122382.02,13770895260.2,8744572728.52
2017-02-15,'000806,银河生物,12.54,12.6,12.49,12.58,12.6,-0.06,-0.4762,2.4801,17322187,217101556.12,13792893495.5,8758541694.54
2017-02-14,'000806,银河生物,12.6,12.65,12.48,12.54,12.55,0.05,0.3984,2.6439,18466275,232457866.03,13858888201.2,8800448592.6
2017-02-13,'000806,银河生物,12.55,12.63,12.5,12.58,12.62,-0.07,-0.5547,2.7337,19093512,239764458.6,13803892613.1,8765526177.55
2017-02-10,'000806,银河生物,12.62,12.67,12.55,12.66,12.67,-0.05,-0.3946,3.0775,21494426,270776399.7,13880886436.4,8814417558.62
2017-02-09,'000806,银河生物,12.67,12.76,12.51,12.61,12.65,0.02,0.1581,4.5733,31942156,402345629.71,13935882024.5,8849339973.67
2017-02-08,'000806,银河生物,12.65,12.69,12.45,12.62,12.66,-0.01,-0.079,2.5048,17495036,220224594.75,13913883789.3,8835371007.65
2017-02-07,'000806,银河生物,12.66,12.74,12.53,12.74,12.77,-0.11,-0.8614,2.6072,18209998,230008868.42,13924882906.9,8842355490.66
2017-02-06,'000806,银河生物,12.77,12.81,12.65,12.75,12.77,0.0,0.0,1.6114,11254743,143298087.62,14045873200.7,8919184803.77
2017-02-03,'000806,银河生物,12.77,12.93,12.75,12.86,12.93,-0.16,-1.2374,1.3825,9655900,123731907.27,14045873200.7,8919184803.77
2017-01-26,'000806,银河生物,12.93,13.02,12.78,12.9,12.91,0.02,0.1549,2.4422,17057599,220197682.15,14221859082.7,9030936531.93
2017-01-25,'000806,银河生物,12.91,13.08,12.72,12.88,13.0,-0.09,-0.6923,3.4835,24330263,313367525.11,14199860847.4,9016967565.91
2017-01-24,'000806,银河生物,13.0,13.12,12.53,12.95,13.01,-0.01,-0.0769,4.3831,30613350,390585295.23,14298852906.0,9079827913.0
2017-01-23,'000806,银河生物,13.01,13.15,12.92,13.09,13.09,-0.08,-0.6112,3.6744,25663615,334464510.04,14309852023.6,9086812396.01
2017-01-20,'000806,银河生物,13.09,13.18,12.42,12.5,12.74,0.35,2.7473,5.5674,38885173,496559699.87,14397844964.6,9142688260.09
2017-01-19,'000806,银河生物,12.74,12.98,12.03,12.98,13.05,-0.31,-2.3755,6.518,45524771,566596834.6,14012875847.9,8898231354.74
2017-01-18,'000806,银河生物,13.05,13.7,13.0,13.5,13.86,-0.81,-5.8442,4.1216,28787004,382305689.98,14353848494.1,9114750328.05
2017-01-17,'000806,银河生物,13.86,14.09,12.71,14.06,14.12,-0.26,-1.8414,7.5902,53013622,699913782.25,15244777021.3,9680493451.86
2017-01-16,'000806,银河生物,14.12,15.8,14.12,15.8,15.69,-1.57,-10.0064,7.185,50183305,741541220.48,15530754079.4,9862090010.12
2017-01-13,'000806,银河生物,15.69,16.79,14.83,16.79,16.42,-0.73,-4.4458,7.3943,51645303,820973824.96,17257615545.8,10958653842.7
2017-01-12,'000806,银河生物,16.42,17.36,16.31,17.3,17.0,-0.58,-3.4118,9.9184,69274816,1162663610.63,18060551132.0,11468521102.4
2017-01-11,'000806,银河生物,17.0,17.19,16.72,16.99,17.02,-0.02,-0.1175,6.2992,43996413,745678831.94,18698499954.0,11873621117.0
2017-01-10,'000806,银河生物,17.02,17.4,16.61,17.14,16.85,0.17,1.0089,10.8639,75879051,1288133912.31,18720498189.2,11887590083.0
2017-01-09,'000806,银河生物,16.85,16.87,16.22,16.25,16.31,0.54,3.3109,9.5472,66682509,1103670332.3,18533513189.7,11768853871.9
2017-01-06,'000806,银河生物,16.31,16.49,16.05,16.18,16.05,0.26,1.6199,7.6257,53261734,864323360.03,17939560838.2,11391691789.3
2017-01-05,'000806,银河生物,16.05,16.21,15.75,15.84,15.85,0.2,1.2618,6.781,47361757,759287128.23,17653583780.1,11210095231.0
2017-01-04,'000806,银河生物,15.85,16.09,15.74,16.0,16.0,-0.15,-0.9375,4.4889,31352879,496702440.8,17433601427.7,11070405570.9
2017-01-03,'000806,银河生物,16.0,16.12,15.76,15.9,15.84,0.16,1.0101,3.3767,23584171,375765242.49,17598588192.0,11175172816.0
2016-12-30,'000806,银河生物,15.84,15.9,15.63,15.78,15.75,0.09,0.5714,3.1149,21756258,343921306.43,17422602310.1,11063421087.8
2016-12-29,'000806,银河生物,15.75,16.06,15.7,16.06,15.96,-0.21,-1.3158,4.1912,29273672,464292164.04,17323610251.5,11000560740.8
2016-12-28,'000806,银河生物,15.96,16.25,15.9,16.17,16.19,-0.23,-1.4206,3.0135,21047550,338034073.3,17554591721.5,11147234884.0
2016-12-27,'000806,银河生物,16.19,16.37,16.12,16.29,16.28,-0.09,-0.5528,3.3359,23299810,377302035.4,17807571426.8,11307877993.2
2016-12-26,'000806,银河生物,16.28,16.63,16.15,16.2,16.33,-0.05,-0.3062,3.4052,23783263,387877066.66,17906563485.4,11370738340.3
2016-12-23,'000806,银河生物,16.33,16.6,16.06,16.29,16.17,0.16,0.9895,5.302,37031394,602114831.78,17961559073.5,11405660755.3
2016-12-22,'000806,银河生物,16.17,16.27,16.05,16.25,16.17,0.0,0.0,2.7625,19294804,311839940.35,17785573191.5,11293909027.2
2016-12-21,'000806,银河生物,16.17,16.3,16.15,16.3,16.29,-0.12,-0.7366,1.8021,12586938,204392835.26,17785573191.5,11293909027.2
2016-12-20,'000806,银河生物,16.29,16.34,16.1,16.23,16.3,-0.01,-0.0613,2.846,19877677,322713517.88,17917562603.0,11377722823.3
2016-12-19,'000806,银河生物,16.3,16.44,16.16,16.36,16.3,0.0,0.0,2.6774,18700323,304421370.72,17928561720.6,11384707306.3
2016-12-16,'000806,银河生物,16.3,16.39,16.05,16.38,16.31,-0.01,-0.0613,3.2753,22876544,371351294.49,17928561720.6,11384707306.3
2016-12-15,'000806,银河生物,16.31,16.56,16.02,16.4,16.15,0.16,0.9907,4.1145,28737971,468155656.84,17939560838.2,11391691789.3
2016-12-14,'000806,银河生物,16.15,16.5,15.96,16.32,16.3,-0.15,-0.9202,3.4617,24177962,391246775.15,17763574956.3,11279940061.1
2016-12-13,'000806,银河生物,16.3,16.7,16.02,16.54,16.7,-0.4,-2.3952,4.7058,32867301,538248293.28,17928561720.6,11384707306.3
2016-12-12,'000806,银河生物,16.7,17.73,16.51,17.32,17.43,-0.73,-4.1882,4.5763,31963103,549128267.34,18368526425.4,11664086626.7
2016-12-09,'000806,银河生物,17.43,17.95,17.35,17.65,17.74,-0.31,-1.7475,4.8239,33692159,592216293.64,19171462011.7,12173953886.4
2016-12-08,'000806,银河生物,17.74,17.99,17.52,17.93,18.02,-0.28,-1.5538,4.1328,28865220,513114294.47,19512434657.9,12390472859.7
2016-12-07,'000806,银河生物,18.02,18.17,17.77,17.9,17.8,0.22,1.236,6.7407,47080005,846853224.47,19820409951.2,12586038384.0
2016-12-06,'000806,银河生物,17.8,17.99,17.68,17.81,17.75,0.05,0.2817,4.7898,33454025,596919443.7,19578429363.6,12432379757.8
2016-12-05,'000806,银河生物,17.75,18.0,17.58,17.8,17.8,-0.05,-0.2809,3.6008,25149648,445801168.51,19523433775.5,12397457342.8
2016-12-02,'000806,银河生物,17.8,17.89,17.42,17.89,17.73,0.07,0.3948,4.4547,31113512,548631673.97,19578429363.6,12432379757.8
2016-12-01,'000806,银河生物,17.73,18.08,17.7,18.08,17.85,-0.12,-0.6723,3.9861,27840725,496055623.68,19501435540.3,12383488376.7
2016-11-30,'000806,银河生物,17.85,18.1,17.51,17.77,17.8,0.05,0.2809,3.4292,23950964,427998499.28,19633424951.7,12467302172.9
2016-11-29,'000806,银河生物,17.8,18.19,17.75,17.96,18.05,-0.25,-1.385,4.2969,30011425,538463706.51,19578429363.6,12432379757.8
2016-11-28,'000806,银河生物,18.05,18.5,18.01,18.5,18.0,0.05,0.2778,2.9208,20399972,370084249.14,19853407304.1,12606991833.0
2016-11-25,'000806,银河生物,18.0,18.17,17.01,17.95,17.99,0.01,0.0556,6.4815,45269899,804251063.6,19798411716.0,12572069418.0
2016-11-24,'000806,银河生物,17.99,18.31,17.72,17.88,17.96,0.03,0.167,4.9071,34273466,618889118.51,19787412598.4,12565084935.0
2016-11-23,'000806,银河生物,17.96,18.45,17.93,18.26,18.18,-0.22,-1.2101,4.6236,32293550,586153277.43,19754415245.5,12544131486.0
2016-11-22,'000806,银河生物,18.18,18.3,18.02,18.2,18.23,-0.05,-0.2743,5.6428,39412348,716213302.49,19996395833.2,12697790112.2
2016-11-21,'000806,银河生物,18.23,18.8,17.7,18.03,18.21,0.02,0.1098,7.4668,52151787,950435038.96,20051391421.3,12732712527.2
2016-11-18,'000806,银河生物,18.21,19.6,18.15,19.6,19.5,-1.29,-6.6154,13.0202,90939631,1708552519.09,20029393186.0,12718743561.2
2016-11-17,'000806,银河生物,19.5,19.93,19.16,19.74,19.9,-0.4,-2.0101,11.8867,83022625,1616820081.72,21448279359.0,13619741869.5
2016-11-16,'000806,银河生物,19.9,20.42,19.5,19.63,19.92,-0.02,-0.1004,19.5469,136524782,2701035552.51,21888244063.8,13899121189.9
2016-11-15,'000806,银河生物,19.92,20.22,18.48,18.58,18.71,1.21,6.4671,14.5307,101489589,1929787283.28,21910242299.0,13913090155.9
2016-11-14,'000806,银河生物,18.71,18.8,18.22,18.48,18.55,0.16,0.8625,10.2955,71909064,1325890471.05,20579349067.0,13067967711.7
2016-11-11,'000806,银河生物,18.55,18.7,18.15,18.29,18.4,0.15,0.8152,11.4241,79791175,1462750276.0,20403363185.1,12956215983.5
2016-11-10,'000806,银河生物,18.4,18.43,17.32,17.38,17.35,1.05,6.0519,10.5244,73507557,1307998570.89,20238376420.8,12851448738.4
2016-11-09,'000806,银河生物,17.35,17.59,16.5,17.42,17.44,-0.09,-0.5161,3.8692,27024045,467732825.95,19083469070.7,12118078022.4
2016-11-08,'000806,银河生物,17.44,17.7,17.28,17.7,17.56,-0.12,-0.6834,3.8666,27006034,470898037.75,19182461129.3,12180938369.4
2016-11-07,'000806,银河生物,17.56,17.79,17.38,17.71,17.72,-0.16,-0.9029,4.4878,31344647,551234583.07,19314450540.7,12264752165.6
2016-11-04,'000806,银河生物,17.72,17.79,17.53,17.78,17.8,-0.08,-0.4494,3.4258,23927229,423093759.65,19490436422.6,12376503893.7
2016-11-03,'000806,银河生物,17.8,17.82,17.55,17.73,17.76,0.04,0.2252,4.4976,31413277,556327697.04,19578429363.6,12432379757.8
2016-11-02,'000806,银河生物,17.76,17.8,17.41,17.52,17.6,0.16,0.9091,4.9512,34581759,611539983.93,19534432893.1,12404441825.8
2016-11-01,'000806,银河生物,17.6,17.8,17.5,17.8,17.7,-0.1,-0.565,2.5995,18155918,320655430.23,19358447011.2,12292690097.6
2016-10-31,'000806,银河生物,17.7,17.79,17.41,17.79,17.67,0.03,0.1698,2.9945,20914956,367328608.79,19468438187.4,12362534927.7
2016-10-28,'000806,银河生物,17.67,18.12,17.67,18.07,18.06,-0.39,-2.1595,3.6477,25477605,455164385.91,19435440834.5,12341581478.7
2016-10-27,'000806,银河生物,18.06,18.09,17.85,17.94,18.05,0.01,0.0554,4.8252,33701448,605817120.73,19864406421.7,12613976316.1
2016-10-26,'000806,银河生物,18.05,18.25,17.85,18.0,17.99,0.06,0.3335,5.4356,37964769,684314238.93,19853407304.1,12606991833.0
2016-10-25,'000806,银河生物,17.99,18.09,17.66,17.8,17.9,0.09,0.5028,5.3044,37048806,662266992.4,19787412598.4,12565084935.0
2016-10-24,'000806,银河生物,17.9,18.08,17.61,17.92,17.94,-0.04,-0.223,3.3328,23277803,414466120.34,19688420539.8,12502224587.9
2016-10-21,'000806,银河生物,17.94,17.98,17.41,17.89,17.9,0.04,0.2235,4.7218,32979330,582769764.96,19732417010.3,12530162519.9
2016-10-20,'000806,银河生物,17.9,18.32,17.9,18.2,18.15,-0.25,-1.3774,4.0543,28317114,513531821.96,19688420539.8,12502224587.9
2016-10-19,'000806,银河生物,18.15,18.51,18.0,18.05,18.1,0.05,0.2762,3.601,25150912,456870416.98,19963398480.3,12676836663.1
2016-10-18,'000806,银河生物,18.1,18.2,17.72,17.79,17.9,0.2,1.1173,4.8219,33678674,604592907.4,19908402892.2,12641914248.1
2016-10-17,'000806,银河生物,17.9,17.96,17.19,17.27,17.4,0.5,2.8736,3.9282,27436255,481843929.01,19688420539.8,12502224587.9
2016-10-14,'000806,银河生物,17.4,17.75,17.35,17.59,17.51,-0.11,-0.6282,1.8401,12852489,224447797.51,19138464658.8,12153000437.4
2016-10-13,'000806,银河生物,17.51,17.6,17.38,17.55,17.52,-0.01,-0.0571,2.4121,16847494,294583615.06,19259454952.6,12229829750.5
2016-10-12,'000806,银河生物,17.52,17.6,17.22,17.5,17.57,-0.05,-0.2846,3.0548,21336515,370725366.29,19270454070.2,12236814233.5
2016-10-11,'000806,银河生物,17.57,17.74,17.41,17.7,17.75,-0.18,-1.0141,2.3346,16305884,285984158.28,19325449658.3,12271736648.6
2016-10-10,'000806,银河生物,17.75,17.97,17.6,17.75,17.71,0.04,0.2259,2.6269,18347420,325718122.74,19523433775.5,12397457342.8
2016-09-30,'000806,银河生物,17.71,17.8,17.24,17.35,17.35,0.36,2.0749,2.9515,20614732,361119530.03,19479437305.0,12369519410.7
2016-09-29,'000806,银河生物,17.35,17.63,17.3,17.5,17.53,-0.18,-1.0268,2.5704,17952734,314464640.02,19083469070.7,12118078022.4
2016-09-28,'000806,银河生物,17.53,17.53,17.23,17.45,17.45,0.08,0.4585,3.186,22252549,387215372.67,19281453187.9,12243798716.5
2016-09-27,'000806,银河生物,17.45,17.7,17.07,17.7,17.7,-0.25,-1.4124,3.1516,22011949,383380347.51,19193460246.9,12187922852.5
2016-09-26,'000806,银河生物,17.7,18.18,17.5,18.18,18.1,-0.4,-2.2099,4.7346,33068395,585976996.7,19468438187.4,12362534927.7
2016-09-23,'000806,银河生物,18.1,18.75,17.98,18.6,18.62,-0.52,-2.7927,3.9525,27606268,505449380.07,19908402892.2,12641914248.1
2016-09-22,'000806,银河生物,18.62,18.95,18.12,18.73,18.72,-0.1,-0.5342,7.2389,50560268,935809432.49,20480357008.4,13005107364.6
2016-09-21,'000806,银河生物,18.72,18.84,18.41,18.84,18.7,0.02,0.107,4.0457,28257247,526032093.45,20590348184.6,13074952194.7
2016-09-20,'000806,银河生物,18.7,18.98,18.7,18.9,18.84,-0.14,-0.7431,2.345,16378828,307832220.28,20568349949.4,13060983228.7
2016-09-19,'000806,银河生物,18.84,19.12,18.7,19.0,18.79,0.05,0.2661,3.3313,23267116,438786819.84,20722337596.1,13158765990.8
2016-09-14,'000806,银河生物,18.79,18.79,18.1,18.35,18.42,0.37,2.0087,6.1446,42916768,793031827.24,20667342008.0,13123843575.8
2016-09-13,'000806,银河生物,18.42,18.73,18.24,18.54,18.45,-0.03,-0.1626,4.097,28615093,527915768.44,20260374656.0,12865417704.4
2016-09-12,'000806,银河生物,18.45,18.77,18.21,18.49,18.76,-0.31,-1.6525,7.1744,50109155,926363767.29,20293372008.9,12886371153.5
2016-09-09,'000806,银河生物,18.76,18.81,18.39,18.58,18.8,-0.04,-0.2128,6.1835,43188401,805642277.59,20634344655.1,13102890126.8
2016-09-08,'000806,银河生物,18.8,19.21,18.47,18.75,18.65,0.15,0.8043,6.1159,42716560,801269464.74,20678341125.6,13130828058.8
2016-09-07,'000806,银河生物,18.65,18.98,18.24,18.73,18.78,-0.13,-0.6922,7.4809,52250102,968996631.5,20513354361.3,13026060813.6
2016-09-06,'000806,银河生物,18.78,19.09,18.66,18.85,18.75,0.03,0.16,7.251,50644433,956014127.97,20656342890.4,13116859092.8
2016-09-05,'000806,银河生物,18.75,19.22,18.11,18.21,18.21,0.54,2.9654,7.8644,54928983,1026807517.78,20623345537.5,13095905643.8
2016-09-02,'000806,银河生物,18.21,18.5,17.77,18.32,18.32,-0.11,-0.6004,4.1484,28974600,527922733.75,20029393186.0,12718743561.2
2016-09-01,'000806,银河生物,18.32,18.66,18.3,18.6,18.67,-0.35,-1.8747,4.5327,31658457,584425278.58,20150383479.8,12795572874.3
2016-08-31,'000806,银河生物,18.67,18.82,17.76,17.95,17.88,0.79,4.4183,7.2315,50508316,925940273.87,20535352596.5,13040029779.7
2016-08-30,'000806,银河生物,17.88,17.95,17.51,17.81,17.8,0.08,0.4494,4.0422,28232698,501899448.83,19666422304.6,12488255621.9
2016-08-29,'000806,银河生物,17.8,18.0,17.2,17.31,17.61,0.19,1.0789,5.0256,35101143,622335565.15,19578429363.6,12432379757.8
2016-08-26,'000806,银河生物,17.61,17.89,17.0,17.2,17.12,0.49,2.8621,6.7932,47446888,827282832.72,19369446128.8,12299674580.6
2016-08-25,'000806,银河生物,17.12,17.2,16.31,16.76,16.91,0.21,1.2419,4.4801,31291478,530662532.35,18830489365.4,11957434913.1
2016-08-24,'000806,银河生物,16.91,17.22,16.8,17.04,17.1,-0.19,-1.1111,2.708,18913704,320797195.44,18599507895.4,11810760769.9
2016-08-23,'000806,银河生物,17.1,17.35,17.0,17.33,17.3,-0.2,-1.1561,2.5747,17983278,308273101.15,18808491130.2,11943465947.1
2016-08-22,'000806,银河生物,17.3,17.6,17.1,17.15,17.2,0.1,0.5814,3.7436,26147202,453973179.97,19028473482.6,12083155607.3
2016-08-19,'000806,银河生物,17.2,17.43,16.85,16.99,16.98,0.22,1.2956,5.4426,38013886,654465685.79,18918482306.4,12013310777.2
2016-08-18,'000806,银河生物,16.98,17.18,16.95,17.1,17.23,-0.25,-1.451,3.3206,23192702,395073389.64,18676501718.8,11859652151.0
2016-08-17,'000806,银河生物,17.23,17.67,16.56,16.68,16.7,0.53,3.1737,6.6536,46471961,796665592.94,18951479659.3,12034264226.2
2016-08-16,'000806,银河生物,16.7,16.76,16.47,16.7,16.7,0.0,0.0,3.4309,23963041,397572521.09,18368526425.4,11664086626.7
2016-08-15,'000806,银河生物,16.7,16.99,16.18,16.39,16.23,0.47,2.8959,3.4763,24280385,403482830.34,18368526425.4,11664086626.7
2016-08-12,'000806,银河生物,16.23,16.35,16.01,16.1,16.18,0.05,0.309,2.2579,15770304,255674998.91,17851567897.3,11335815925.2
2016-08-11,'000806,银河生物,16.18,16.78,16.17,16.71,16.78,-0.6,-3.5757,2.5779,18005547,295386608.55,17796572309.2,11300893510.2
2016-08-10,'000806,银河生物,16.78,17.15,16.75,16.94,17.01,-0.23,-1.3521,3.7654,26299621,444310192.66,18456519366.4,11719962490.8
2016-08-09,'000806,银河生物,17.01,17.34,15.92,16.05,15.99,1.02,6.379,5.6218,39265600,652611525.96,18709499071.6,11880605600.0
2016-08-08,'000806,银河生物,15.99,16.24,15.85,16.16,16.16,-0.17,-1.052,2.4623,17197624,275653789.16,17587589074.4,11168188333.0
2016-08-05,'000806,银河生物,16.16,16.48,16.14,16.33,16.31,-0.15,-0.9197,2.4478,17096435,277856323.83,17774574073.9,11286924544.2
2016-08-04,'000806,银河生物,16.31,16.5,16.12,16.5,16.47,-0.16,-0.9715,2.7579,19262159,313285267.81,17939560838.2,11391691789.3
2016-08-03,'000806,银河生物,16.47,16.66,16.09,16.52,16.66,-0.19,-1.1405,3.3863,23651867,386197897.75,18115546720.1,11503443517.5
2016-08-02,'000806,银河生物,16.66,16.98,16.6,16.7,16.65,0.01,0.0601,2.378,16609341,278096620.63,18324529954.9,11636148694.7
2016-08-01,'000806,银河生物,16.65,17.15,16.61,16.98,16.98,-0.33,-1.9435,2.9241,20423394,342495189.27,18313530837.3,11629164211.6
2016-07-29,'000806,银河生物,16.98,17.2,16.51,16.6,16.51,0.47,2.8468,4.8608,33950230,575547946.29,18676501718.8,11859652151.0
2016-07-28,'000806,银河生物,16.51,16.89,16.49,16.69,16.81,-0.3,-1.7847,3.4247,23919777,397839582.45,18159543190.6,11531381449.5
2016-07-27,'000806,银河生物,16.81,17.3,16.26,16.88,16.89,-0.08,-0.4737,7.3354,51233736,868445378.97,18489516719.2,11740915939.8
2016-07-26,'000806,银河生物,16.89,17.0,16.55,16.91,16.83,0.06,0.3565,3.9208,27384651,457979771.07,18577509660.2,11796791803.9
2016-07-25,'000806,银河生物,16.83,17.45,16.71,17.36,17.19,-0.36,-2.0942,4.4388,31002386,527878229.13,18511514954.5,11754884905.8
2016-07-22,'000806,银河生物,17.19,17.77,17.03,17.05,17.2,-0.01,-0.0581,5.1634,36063360,625156779.7,18907483188.8,12006326294.2
2016-07-21,'000806,银河生物,17.2,17.58,17.0,17.38,17.6,-0.4,-2.2727,6.8256,47672956,825545874.64,18918482306.4,12013310777.2
2016-07-20,'000806,银河生物,17.6,18.2,16.33,16.46,17.01,0.59,3.4685,14.3278,100072544,1740376408.35,19358447011.2,12292690097.6
2016-07-19,'000806,银河生物,17.01,17.49,14.59,15.88,15.95,1.06,6.6458,15.7413,109944729,1724609691.51,18709499071.6,11880605600.0
2016-07-18,'000806,银河生物,15.95,16.74,15.86,16.74,16.66,-0.71,-4.2617,5.4222,37871271,613157954.62,17543592603.9,11140250401.0
2016-07-15,'000806,银河生物,16.66,17.05,16.62,16.62,16.86,-0.2,-1.1862,4.1683,29113412,489657156.34,18324529954.9,11636148694.7
2016-07-14,'000806,银河生物,16.86,17.13,16.61,16.8,17.2,-0.34,-1.9767,5.9715,41708097,703076628.9,18544512307.3,11775838354.9
2016-07-13,'000806,银河生物,17.2,17.84,16.65,17.5,17.5,-0.3,-1.7143,14.6055,102011810,1756860690.38,18918482306.4,12013310777.2
2016-07-12,'000806,银河生物,17.5,17.5,17.5,17.5,19.44,-1.94,-9.9794,6.0842,42495100,743664250.0,19248455835.0,12222845267.5
2016-07-11,'000806,银河生物,0.0,0.0,0.0,0.0,19.44,None,None,0.0,0,0.0,21382284653.3,13577834971.4
2016-07-08,'000806,银河生物,0.0,0.0,0.0,0.0,19.44,None,None,0.0,0,0.0,21382284653.3,13577834971.4
2016-07-07,'000806,银河生物,0.0,0.0,0.0,0.0,19.44,None,None,0.0,0,0.0,21382284653.3,13577834971.4
2016-07-06,'000806,银河生物,0.0,0.0,0.0,0.0,19.44,None,None,0.0,0,0.0,21382284653.3,13577834971.4
2016-07-05,'000806,银河生物,0.0,0.0,0.0,0.0,19.44,None,None,0.0,0,0.0,21382284653.3,13577834971.4
2016-07-04,'000806,银河生物,0.0,0.0,0.0,0.0,19.44,None,None,0.0,0,0.0,21382284653.3,13577834971.4
2016-07-01,'000806,银河生物,0.0,0.0,0.0,0.0,19.44,None,None,0.0,0,0.0,21382284653.3,13577834971.4
2016-06-30,'000806,银河生物,0.0,0.0,0.0,0.0,19.44,None,None,0.0,0,0.0,21382284653.3,13577834971.4
2016-06-29,'000806,银河生物,0.0,0.0,0.0,0.0,19.44,None,None,0.0,0,0.0,21382284653.3,13577834971.4
2016-06-28,'000806,银河生物,0.0,0.0,0.0,0.0,19.44,None,None,0.0,0,0.0,21382284653.3,13577834971.4
2016-06-27,'000806,银河生物,0.0,0.0,0.0,0.0,19.44,None,None,0.0,0,0.0,21382284653.3,13577834971.4
2016-06-24,'000806,银河生物,0.0,0.0,0.0,0.0,19.44,None,None,0.0,0,0.0,21382284653.3,13577834971.4
2016-06-23,'000806,银河生物,0.0,0.0,0.0,0.0,19.44,None,None,0.0,0,0.0,21382284653.3,13577834971.4
2016-06-22,'000806,银河生物,0.0,0.0,0.0,0.0,19.44,None,None,0.0,0,0.0,21382284653.3,13577834971.4
2016-06-21,'000806,银河生物,0.0,0.0,0.0,0.0,19.44,None,None,0.0,0,0.0,21382284653.3,13577834971.4
2016-06-20,'000806,银河生物,0.0,0.0,0.0,0.0,19.44,None,None,0.0,0,0.0,21382284653.3,13577834971.4
2016-06-17,'000806,银河生物,0.0,0.0,0.0,0.0,19.44,None,None,0.0,0,0.0,21382284653.3,13577834971.4
2016-06-16,'000806,银河生物,0.0,0.0,0.0,0.0,19.44,None,None,0.0,0,0.0,21382284653.3,13577834971.4
2016-06-15,'000806,银河生物,0.0,0.0,0.0,0.0,19.44,None,None,0.0,0,0.0,21382284653.3,13577834971.4
2016-06-14,'000806,银河生物,0.0,0.0,0.0,0.0,19.44,None,None,0.0,0,0.0,21382284653.3,13577834971.4
2016-06-13,'000806,银河生物,0.0,0.0,0.0,0.0,19.44,None,None,0.0,0,0.0,21382284653.3,13577834971.4
2016-06-08,'000806,银河生物,0.0,0.0,0.0,0.0,19.44,None,None,0.0,0,0.0,21382284653.3,13577834971.4
2016-06-07,'000806,银河生物,0.0,0.0,0.0,0.0,19.44,None,None,0.0,0,0.0,21382284653.3,13577834971.4
2016-06-06,'000806,银河生物,0.0,0.0,0.0,0.0,19.44,None,None,0.0,0,0.0,21382284653.3,13577834971.4
2016-06-03,'000806,银河生物,0.0,0.0,0.0,0.0,19.44,None,None,0.0,0,0.0,21382284653.3,13577834971.4
2016-06-02,'000806,银河生物,0.0,0.0,0.0,0.0,19.44,None,None,0.0,0,0.0,21382284653.3,13577834971.4
2016-06-01,'000806,银河生物,0.0,0.0,0.0,0.0,19.44,None,None,0.0,0,0.0,21382284653.3,13577834971.4
2016-05-31,'000806,银河生物,0.0,0.0,0.0,0.0,19.44,None,None,0.0,0,0.0,21382284653.3,13577834971.4
2016-05-30,'000806,银河生物,0.0,0.0,0.0,0.0,19.44,None,None,0.0,0,0.0,21382284653.3,13577834971.4
2016-05-27,'000806,银河生物,0.0,0.0,0.0,0.0,19.44,None,None,0.0,0,0.0,21382284653.3,13577834971.4
2016-05-26,'000806,银河生物,0.0,0.0,0.0,0.0,19.44,None,None,0.0,0,0.0,21382284653.3,13577834971.4
2016-05-25,'000806,银河生物,0.0,0.0,0.0,0.0,19.44,None,None,0.0,0,0.0,21382284653.3,13577834971.4
2016-05-24,'000806,银河生物,0.0,0.0,0.0,0.0,19.44,None,None,0.0,0,0.0,21382284653.3,13577834971.4
2016-05-23,'000806,银河生物,0.0,0.0,0.0,0.0,19.44,None,None,0.0,0,0.0,21382284653.3,13577834971.4
2016-05-20,'000806,银河生物,0.0,0.0,0.0,0.0,19.44,None,None,0.0,0,0.0,21382284653.3,13577834971.4
2016-05-19,'000806,银河生物,0.0,0.0,0.0,0.0,19.44,None,None,0.0,0,0.0,21382284653.3,13577834971.4
2016-05-18,'000806,银河生物,0.0,0.0,0.0,0.0,19.44,None,None,0.0,0,0.0,21382284653.3,13577834971.4
2016-05-17,'000806,银河生物,0.0,0.0,0.0,0.0,19.44,None,None,0.0,0,0.0,21382284653.3,13577834971.4
2016-05-16,'000806,银河生物,0.0,0.0,0.0,0.0,19.44,None,None,0.0,0,0.0,21382284653.3,13577834971.4
2016-05-13,'000806,银河生物,0.0,0.0,0.0,0.0,19.44,None,None,0.0,0,0.0,21382284653.3,13577834971.4
2016-05-12,'000806,银河生物,0.0,0.0,0.0,0.0,19.44,None,None,0.0,0,0.0,21382284653.3,13577834971.4
2016-05-11,'000806,银河生物,0.0,0.0,0.0,0.0,19.44,None,None,0.0,0,0.0,21382284653.3,13577834971.4
2016-05-10,'000806,银河生物,0.0,0.0,0.0,0.0,19.44,None,None,0.0,0,0.0,21382284653.3,13577834971.4
2016-05-09,'000806,银河生物,0.0,0.0,0.0,0.0,19.44,None,None,0.0,0,0.0,21382284653.3,13577834971.4
2016-05-06,'000806,银河生物,0.0,0.0,0.0,0.0,19.44,None,None,0.0,0,0.0,21382284653.3,13577834971.4
2016-05-05,'000806,银河生物,0.0,0.0,0.0,0.0,19.44,None,None,0.0,0,0.0,21382284653.3,13577834971.4
2016-05-04,'000806,银河生物,0.0,0.0,0.0,0.0,19.44,None,None,0.0,0,0.0,21382284653.3,13577834971.4
2016-05-03,'000806,银河生物,0.0,0.0,0.0,0.0,19.44,None,None,0.0,0,0.0,21382284653.3,13577834971.4
2016-04-29,'000806,银河生物,0.0,0.0,0.0,0.0,19.44,None,None,0.0,0,0.0,21382284653.3,13577834971.4
2016-04-28,'000806,银河生物,0.0,0.0,0.0,0.0,19.44,None,None,0.0,0,0.0,21382284653.3,13577834971.4
2016-04-27,'000806,银河生物,0.0,0.0,0.0,0.0,19.44,None,None,0.0,0,0.0,21382284653.3,13577834971.4
2016-04-26,'000806,银河生物,0.0,0.0,0.0,0.0,19.44,None,None,0.0,0,0.0,21382284653.3,13577834971.4
2016-04-25,'000806,银河生物,0.0,0.0,0.0,0.0,19.44,None,None,0.0,0,0.0,21382284653.3,13577834971.4
2016-04-22,'000806,银河生物,0.0,0.0,0.0,0.0,19.44,None,None,0.0,0,0.0,21382284653.3,13577834971.4
2016-04-21,'000806,银河生物,0.0,0.0,0.0,0.0,19.44,None,None,0.0,0,0.0,21382284653.3,13577834971.4
2016-04-20,'000806,银河生物,0.0,0.0,0.0,0.0,19.44,None,None,0.0,0,0.0,21382284653.3,13577834971.4
2016-04-19,'000806,银河生物,0.0,0.0,0.0,0.0,19.44,None,None,0.0,0,0.0,21382284653.3,13577834971.4
2016-04-18,'000806,银河生物,0.0,0.0,0.0,0.0,19.44,None,None,0.0,0,0.0,21382284653.3,13577834971.4
2016-04-15,'000806,银河生物,0.0,0.0,0.0,0.0,19.44,None,None,0.0,0,0.0,21382284653.3,13577834971.4
2016-04-14,'000806,银河生物,0.0,0.0,0.0,0.0,19.44,None,None,0.0,0,0.0,21382284653.3,13577834971.4
2016-04-13,'000806,银河生物,0.0,0.0,0.0,0.0,19.44,None,None,0.0,0,0.0,21382284653.3,13577834971.4
2016-04-12,'000806,银河生物,0.0,0.0,0.0,0.0,19.44,None,None,0.0,0,0.0,21382284653.3,13577834971.4
2016-04-11,'000806,银河生物,0.0,0.0,0.0,0.0,19.44,None,None,0.0,0,0.0,21382284653.3,13577834971.4
2016-04-08,'000806,银河生物,0.0,0.0,0.0,0.0,19.44,None,None,0.0,0,0.0,21382284653.3,13577834971.4
2016-04-07,'000806,银河生物,0.0,0.0,0.0,0.0,19.44,None,None,0.0,0,0.0,21382284653.3,13577834971.4
2016-04-06,'000806,银河生物,0.0,0.0,0.0,0.0,19.44,None,None,0.0,0,0.0,21382284653.3,13577834971.4
2016-04-05,'000806,银河生物,0.0,0.0,0.0,0.0,19.44,None,None,0.0,0,0.0,21382284653.3,13577834971.4
2016-04-01,'000806,银河生物,0.0,0.0,0.0,0.0,19.44,None,None,0.0,0,0.0,21382284653.3,13577834971.4
2016-03-31,'000806,银河生物,0.0,0.0,0.0,0.0,19.44,None,None,0.0,0,0.0,21382284653.3,13577834971.4
2016-03-30,'000806,银河生物,0.0,0.0,0.0,0.0,19.44,None,None,0.0,0,0.0,21382284653.3,13577834971.4
2016-03-29,'000806,银河生物,0.0,0.0,0.0,0.0,19.44,None,None,0.0,0,0.0,21382284653.3,13577834971.4
2016-03-28,'000806,银河生物,0.0,0.0,0.0,0.0,19.44,None,None,0.0,0,0.0,21382284653.3,13577834971.4
2016-03-25,'000806,银河生物,0.0,0.0,0.0,0.0,19.44,None,None,0.0,0,0.0,21382284653.3,13577834971.4
2016-03-24,'000806,银河生物,0.0,0.0,0.0,0.0,19.44,None,None,0.0,0,0.0,21382284653.3,13577834971.4
2016-03-23,'000806,银河生物,0.0,0.0,0.0,0.0,19.44,None,None,0.0,0,0.0,21382284653.3,13577834971.4
2016-03-22,'000806,银河生物,0.0,0.0,0.0,0.0,19.44,None,None,0.0,0,0.0,21382284653.3,13577834971.4
2016-03-21,'000806,银河生物,0.0,0.0,0.0,0.0,19.44,None,None,0.0,0,0.0,21382284653.3,13577834971.4
2016-03-18,'000806,银河生物,0.0,0.0,0.0,0.0,19.44,None,None,0.0,0,0.0,21382284653.3,13577834971.4
2016-03-17,'000806,银河生物,0.0,0.0,0.0,0.0,19.44,None,None,0.0,0,0.0,21382284653.3,13577834971.4
2016-03-16,'000806,银河生物,0.0,0.0,0.0,0.0,19.44,None,None,0.0,0,0.0,21382284653.3,13577834971.4
2016-03-15,'000806,银河生物,0.0,0.0,0.0,0.0,19.44,None,None,0.0,0,0.0,21382284653.3,13577834971.4
2016-03-14,'000806,银河生物,0.0,0.0,0.0,0.0,19.44,None,None,0.0,0,0.0,21382284653.3,13577834971.4
2016-03-11,'000806,银河生物,0.0,0.0,0.0,0.0,19.44,None,None,0.0,0,0.0,21382284653.3,13577834971.4
2016-03-10,'000806,银河生物,0.0,0.0,0.0,0.0,19.44,None,None,0.0,0,0.0,21382284653.3,13577834971.4
2016-03-09,'000806,银河生物,0.0,0.0,0.0,0.0,19.44,None,None,0.0,0,0.0,21382284653.3,13577834971.4
2016-03-08,'000806,银河生物,0.0,0.0,0.0,0.0,19.44,None,None,0.0,0,0.0,21382284653.3,13577834971.4
2016-03-07,'000806,银河生物,0.0,0.0,0.0,0.0,19.44,None,None,0.0,0,0.0,21382284653.3,13577834971.4
2016-03-04,'000806,银河生物,0.0,0.0,0.0,0.0,19.44,None,None,0.0,0,0.0,21382284653.3,13577834971.4
2016-03-03,'000806,银河生物,0.0,0.0,0.0,0.0,19.44,None,None,0.0,0,0.0,21382284653.3,13577834971.4
2016-03-02,'000806,银河生物,0.0,0.0,0.0,0.0,19.44,None,None,0.0,0,0.0,21382284653.3,13577834971.4
2016-03-01,'000806,银河生物,0.0,0.0,0.0,0.0,19.44,None,None,0.0,0,0.0,21382284653.3,13577834971.4
2016-02-29,'000806,银河生物,0.0,0.0,0.0,0.0,19.44,None,None,0.0,0,0.0,21382284653.3,13577834971.4
2016-02-26,'000806,银河生物,0.0,0.0,0.0,0.0,19.44,None,None,0.0,0,0.0,21382284653.3,13577834971.4
2016-02-25,'000806,银河生物,0.0,0.0,0.0,0.0,19.44,None,None,0.0,0,0.0,21382284653.3,13577834971.4
2016-02-24,'000806,银河生物,0.0,0.0,0.0,0.0,19.44,None,None,0.0,0,0.0,21382284653.3,13577834971.4
2016-02-23,'000806,银河生物,0.0,0.0,0.0,0.0,19.44,None,None,0.0,0,0.0,21382284653.3,13577834971.4
2016-02-22,'000806,银河生物,0.0,0.0,0.0,0.0,19.44,None,None,0.0,0,0.0,21382284653.3,13577834971.4
2016-02-19,'000806,银河生物,0.0,0.0,0.0,0.0,19.44,None,None,0.0,0,0.0,21382284653.3,13577834971.4
2016-02-18,'000806,银河生物,0.0,0.0,0.0,0.0,19.44,None,None,0.0,0,0.0,21382284653.3,13577834971.4
2016-02-17,'000806,银河生物,0.0,0.0,0.0,0.0,19.44,None,None,0.0,0,0.0,21382284653.3,13577834971.4
2016-02-16,'000806,银河生物,0.0,0.0,0.0,0.0,19.44,None,None,0.0,0,0.0,21382284653.3,13577834971.4
2016-02-15,'000806,银河生物,0.0,0.0,0.0,0.0,19.44,None,None,0.0,0,0.0,21382284653.3,13577834971.4
2016-02-05,'000806,银河生物,0.0,0.0,0.0,0.0,19.44,None,None,0.0,0,0.0,21382284653.3,13577834971.4
2016-02-04,'000806,银河生物,0.0,0.0,0.0,0.0,19.44,None,None,0.0,0,0.0,21382284653.3,13577834971.4
2016-02-03,'000806,银河生物,0.0,0.0,0.0,0.0,19.44,None,None,0.0,0,0.0,21382284653.3,13577834971.4
2016-02-02,'000806,银河生物,0.0,0.0,0.0,0.0,19.44,None,None,0.0,0,0.0,21382284653.3,13577834971.4
2016-02-01,'000806,银河生物,0.0,0.0,0.0,0.0,19.44,None,None,0.0,0,0.0,21382284653.3,13577834971.4
2016-01-29,'000806,银河生物,0.0,0.0,0.0,0.0,19.44,None,None,0.0,0,0.0,21382284653.3,13577834971.4
2016-01-28,'000806,银河生物,0.0,0.0,0.0,0.0,19.44,None,None,0.0,0,0.0,21382284653.3,13577834971.4
2016-01-27,'000806,银河生物,0.0,0.0,0.0,0.0,19.44,None,None,0.0,0,0.0,21382284653.3,13577834971.4
2016-01-26,'000806,银河生物,0.0,0.0,0.0,0.0,19.44,None,None,0.0,0,0.0,21382284653.3,13577834971.4
2016-01-25,'000806,银河生物,0.0,0.0,0.0,0.0,19.44,None,None,0.0,0,0.0,21382284653.3,13577834971.4
2016-01-22,'000806,银河生物,0.0,0.0,0.0,0.0,19.44,None,None,0.0,0,0.0,21382284653.3,13577834971.4
2016-01-21,'000806,银河生物,0.0,0.0,0.0,0.0,19.44,None,None,0.0,0,0.0,21382284653.3,13577834971.4
2016-01-20,'000806,银河生物,0.0,0.0,0.0,0.0,19.44,None,None,0.0,0,0.0,21382284653.3,13577834971.4
2016-01-19,'000806,银河生物,0.0,0.0,0.0,0.0,19.44,None,None,0.0,0,0.0,21382284653.3,13577834971.4
2016-01-18,'000806,银河生物,0.0,0.0,0.0,0.0,19.44,None,None,0.0,0,0.0,21382284653.3,13577834971.4
2016-01-15,'000806,银河生物,0.0,0.0,0.0,0.0,19.44,None,None,0.0,0,0.0,21382284653.3,13577834971.4
2016-01-14,'000806,银河生物,0.0,0.0,0.0,0.0,19.44,None,None,0.0,0,0.0,21382284653.3,13577834971.4
2016-01-13,'000806,银河生物,0.0,0.0,0.0,0.0,19.44,None,None,0.0,0,0.0,21382284653.3,13577834971.4
2016-01-12,'000806,银河生物,0.0,0.0,0.0,0.0,19.44,None,None,0.0,0,0.0,21382284653.3,13577834971.4
2016-01-11,'000806,银河生物,19.44,19.44,19.44,19.44,21.6,-2.16,-10.0,0.6455,4508300,87641352.0,21382284653.3,13577834971.4
2016-01-08,'000806,银河生物,21.6,25.0,21.6,24.48,24.0,-2.4,-10.0,13.2459,92515490,2019548439.73,23758094059.2,15086483301.6
2016-01-07,'000806,银河生物,24.0,25.4,23.02,25.4,25.56,-1.56,-6.1033,1.0162,7097651,169776399.59,26397882288.0,16762759224.0
2016-01-06,'000806,银河生物,25.56,26.01,24.83,26.0,25.9,-0.34,-1.3127,2.4189,16894555,431445008.71,28113744636.7,17852338573.6
2016-01-05,'000806,银河生物,25.9,27.0,23.52,25.68,26.01,-0.11,-0.4229,5.3354,37264962,929941149.23,28487714635.8,18089810995.9
2016-01-04,'000806,银河生物,26.01,28.5,25.78,28.5,28.53,-2.52,-8.8328,1.7013,11882518,323242719.49,28608704929.6,18166640309.0
2015-12-31,'000806,银河生物,28.53,28.77,28.14,28.59,28.6,-0.07,-0.2448,1.5587,10886823,309137950.89,31380482569.9,19926730027.5
2015-12-30,'000806,银河生物,28.6,29.1,28.11,28.35,28.17,0.43,1.5264,3.1338,21887637,625660726.4,31457476393.2,19975621408.6
2015-12-29,'000806,银河生物,28.17,28.45,28.0,28.1,28.1,0.07,0.2491,2.1984,15354831,432854349.69,30984514335.5,19675288639.2
2015-12-28,'000806,银河生物,28.1,28.75,27.69,28.45,28.43,-0.33,-1.1607,3.0102,21024441,596210375.82,30907520512.2,19626397258.1
2015-12-25,'000806,银河生物,28.43,28.65,28.21,28.39,28.39,0.04,0.1409,2.2208,15511135,440836400.13,31270491393.7,19856885197.4
2015-12-24,'000806,银河生物,28.39,29.88,27.49,29.88,29.9,-1.51,-5.0502,3.5652,24901136,709115447.2,31226494923.2,19828947265.4
2015-12-23,'000806,银河生物,29.9,30.33,29.51,30.0,30.1,-0.2,-0.6645,3.6692,25627150,766401946.73,32887361683.8,20883604199.9
2015-12-22,'000806,银河生物,30.1,30.12,29.56,29.86,29.86,0.24,0.8038,3.5801,25004829,747400403.07,33107344036.2,21023293860.1
2015-12-21,'000806,银河生物,29.86,30.29,28.7,28.9,28.88,0.98,3.3934,5.999,41900093,1238677644.29,32843365213.3,20855666267.9
2015-12-18,'000806,银河生物,28.88,29.5,28.11,28.69,28.69,0.19,0.6623,4.423,30892247,888817741.98,31765451686.6,20171186932.9
2015-12-17,'000806,银河生物,28.69,29.64,28.52,28.8,28.8,-0.11,-0.3819,5.1343,35860361,1039773558.94,31556468451.8,20038481755.7
2015-12-16,'000806,银河生物,28.8,29.65,26.82,26.84,27.08,1.72,6.3516,8.1768,57110540,1563939687.76,31677458745.6,20115311068.8
2015-12-15,'000806,银河生物,27.08,27.18,26.69,26.8,26.79,0.29,1.0825,3.2741,22867809,614839093.57,29785610515.0,18913979991.1
2015-12-14,'000806,银河生物,26.79,26.93,26.0,26.0,26.05,0.74,2.8407,3.9082,27297103,722400765.55,29466636104.0,18711429983.8
2015-12-11,'000806,银河生物,26.05,26.37,25.5,25.65,25.65,0.4,1.5595,4.1559,29026927,754157282.32,28652701400.1,18194578241.0
2015-12-10,'000806,银河生物,25.65,25.84,25.19,25.45,25.45,0.2,0.7859,3.8847,27132601,694151665.86,28212736695.3,17915198920.7
2015-12-09,'000806,银河生物,25.45,25.83,25.07,25.28,25.3,0.15,0.5929,3.8036,26565926,678216571.16,27992754342.9,17775509260.5
2015-12-08,'000806,银河生物,25.3,25.58,25.0,25.57,25.48,-0.18,-0.7064,3.546,24766809,626417580.33,27827767578.6,17670742015.3
2015-12-07,'000806,银河生物,25.48,25.57,24.89,25.1,25.38,0.1,0.394,4.9439,34530844,872962662.25,28025751695.8,17796462709.5
2015-12-04,'000806,银河生物,25.38,25.78,24.57,25.1,25.1,0.28,1.1155,4.9292,34428139,868776387.67,27915760519.6,17726617879.4
2015-12-03,'000806,银河生物,25.1,25.5,24.55,24.55,25.05,0.05,0.1996,5.7989,40502353,1014205200.17,27607785226.2,17531052355.1
2015-12-02,'000806,银河生物,25.05,26.13,23.73,25.08,26.37,-1.32,-5.0057,10.5749,73860106,1792986272.15,27552789638.1,17496129940.0
2015-12-01,'000806,银河生物,26.37,29.61,26.37,29.0,29.3,-2.93,-10.0,7.6761,53613408,1492868650.25,29004673163.9,18418081697.4
2015-11-30,'000806,银河生物,29.3,29.46,27.6,29.0,28.6,0.7,2.4476,6.4937,45355133,1310620511.52,32227414626.6,20464535219.3
2015-11-27,'000806,银河生物,28.6,29.83,28.01,29.2,29.28,-0.68,-2.3224,8.1764,57108201,1666494329.85,31457476393.2,19975621408.6
2015-11-26,'000806,银河生物,29.28,30.5,29.25,30.5,30.28,-1.0,-3.3025,7.4611,52112074,1549129509.01,32205416391.4,20450566253.3
2015-11-25,'000806,银河生物,30.28,30.95,28.88,29.9,30.22,0.06,0.1985,8.0323,56101394,1667570290.29,33305328153.4,21149014554.3
2015-11-24,'000806,银河生物,30.22,31.5,29.0,29.0,29.4,0.82,2.7891,8.988,62776461,1898032197.16,33239333447.6,21107107656.2
2015-11-23,'000806,银河生物,29.4,31.91,28.01,31.9,29.29,0.11,0.3756,17.1414,119724065,3615502522.72,32337405802.8,20534380049.4
2015-11-20,'000806,银河生物,29.29,29.29,26.71,27.05,26.63,2.66,9.9887,8.9671,62630516,1773601242.44,32216415509.0,20457550736.3
2015-11-19,'000806,银河生物,26.63,26.63,21.79,21.79,24.21,2.42,9.9959,28.7194,200590373,4643019932.94,29290650222.1,18599678255.6
2015-11-18,'000806,银河生物,24.21,24.21,24.21,24.21,26.9,-2.69,-10.0,0.8048,5621200,136089252.0,26628863758.0,16909433367.2
